501,21,522,21,522,45,501,45
229,24,249,24,249,47,229,47
364,24,381,24,381,45,364,45
482,122,499,122,499,141,482,141
296,185,304,170,323,203,314,218
475,180,526,180,526,220,475,220
252,231,264,228,273,227,282,225,296,226,304,227,313,229,313,249,305,247,295,245,282,245,273,247,264,248,251,251
477,230,481,233,487,236,489,238,495,240,498,259,503,261,507,244,502,243,494,259,488,256,483,253,480,251,475,248
262,280,268,281,276,284,283,283,290,284,300,281,306,281,309,300,303,300,291,303,283,302,274,303,266,301,261,299
309,301,447,301,447,337,309,337
39,301,208,301,208,340,39,340
342,363,428,357,429,383,343,389
362,416,379,414,390,413,417,410,428,405,451,406,468,401,467,433,450,438,429,437,419,442,392,446,377,446,360,448
381,456,458,456,458,488,381,488
388,508,472,503,473,534,388,539
155,536,180,536,180,547,155,547
155,550,172,550,172,561,155,561
155,564,185,564,185,575,155,575
