581,12,600,12,600,24,581,24
134,78,173,61,268,32,316,26,394,31,462,49,506,62,493,78,450,65,388,49,316,44,275,50,185,77,146,94
171,508,520,512,519,545,170,541
278,548,292,547,314,546,334,544,358,543,380,543,393,543,392,548,379,548,358,548,335,549,316,552,292,552,278,554
225,557,431,557,431,572,225,572
241,578,316,578,316,588,241,588
348,578,359,578,368,578,385,578,397,578,406,577,418,576,418,584,406,585,398,585,385,585,368,585,358,585,347,585
533,596,597,596,597,602,533,602
70,600,120,600,120,604,70,604
305,600,367,600,367,606,305,606
236,610,450,606,450,616,236,619
