240,121,256,119,283,116,311,114,350,115,376,118,392,120,389,137,372,135,348,132,311,131,285,133,259,135,243,138
413,126,430,130,457,139,482,148,515,166,530,177,546,190,527,203,512,190,500,181,468,163,445,156,421,147,404,143
93,188,102,181,122,168,153,150,172,141,206,128,222,122,231,140,215,146,184,157,168,165,139,182,119,195,110,202
274,163,373,163,373,200,274,200
182,205,466,205,466,244,182,244
57,247,584,248,583,299,57,298
261,301,389,301,389,337,261,337
177,341,459,341,459,375,177,375
82,382,555,384,555,418,82,417
147,418,490,418,490,457,147,457
211,464,427,464,427,491,211,491
