501,147,508,146,516,146,524,145,533,147,541,149,548,151,546,170,540,168,531,165,524,164,516,165,508,165,501,166
151,159,158,157,166,156,173,155,184,155,193,156,199,158,199,178,192,176,183,174,175,173,166,175,158,176,152,179
496,164,551,170,550,203,494,197
147,176,202,176,202,210,147,210
390,213,640,234,635,348,385,327
56,237,305,230,306,342,58,348
430,405,448,410,488,421,506,423,547,425,566,422,595,416,598,453,568,460,548,463,505,462,485,459,441,447,424,441
106,424,122,428,157,434,180,435,218,429,241,424,271,415,275,449,245,458,220,464,181,468,157,468,118,462,102,458
480,455,544,460,543,479,479,474
155,468,219,462,220,480,155,486
