301,92,415,54,425,111,311,150
433,289,564,250,574,318,444,357
17,354,333,226,363,372,47,500
504,326,579,326,579,363,504,363
500,363,581,363,581,385,500,385
428,392,612,392,612,406,428,406
415,406,612,406,612,420,415,420
404,420,611,420,611,434,404,434
409,434,429,433,470,432,499,431,537,433,578,433,597,434,597,449,577,449,537,448,499,446,470,447,429,449,409,450
388,445,614,445,614,476,388,476
397,476,414,475,456,474,497,475,532,474,580,475,597,475,597,488,580,488,532,487,497,488,456,487,414,489,397,489
388,489,408,488,459,488,482,488,524,488,568,488,585,488,585,502,567,502,524,503,482,502,459,503,408,503,389,503
455,508,484,508,484,522,455,522
139,508,245,508,245,557,139,557
549,515,590,515,590,539,549,539
455,525,461,525,467,524,474,525,480,525,485,525,491,525,491,536,485,536,480,536,474,536,467,535,461,536,455,536
59,530,77,530,77,546,59,546
392,539,398,539,403,539,409,539,415,539,423,541,427,542,427,554,422,553,414,551,409,551,403,551,398,551,392,551
290,544,342,539,344,583,292,587
437,546,445,546,445,561,437,561
454,546,553,546,553,561,454,561
37,551,49,551,57,554,63,551,78,549,86,549,98,546,92,577,81,579,77,581,67,582,55,586,47,583,35,583
403,553,417,553,417,564,403,564
132,558,249,558,249,592,132,592
574,564,606,564,606,592,574,592
59,581,76,581,76,597,59,597
