232,96,248,92,279,85,311,83,338,83,366,87,382,90,378,123,362,120,337,117,314,116,284,118,255,124,239,128
425,105,469,132,452,159,409,132
168,111,212,138,108,303,65,276
467,174,495,155,541,227,513,245
221,231,230,233,246,236,261,245,274,254,282,260,290,270,283,278,274,269,267,262,256,255,241,247,227,244,219,242
353,265,358,258,366,250,374,243,382,239,392,233,401,230,406,241,398,243,387,249,381,252,372,259,366,266,361,272
526,268,564,272,548,429,509,425
78,336,109,328,128,413,96,420
110,448,136,427,170,474,143,493
369,536,385,530,406,520,426,508,448,493,472,468,484,456,508,480,496,492,468,519,446,535,421,550,398,560,382,566
191,493,206,500,224,511,233,514,248,523,270,529,286,536,274,568,258,561,237,555,219,545,209,541,188,528,173,522
