300,215,306,210,314,202,323,196,331,192,341,191,349,190,349,202,341,203,333,204,326,208,318,212,310,220,305,225
358,206,372,206,372,217,358,217
279,238,305,228,308,241,281,252
289,545,297,540,307,537,318,529,331,521,338,515,348,506,354,520,343,529,336,535,322,544,313,551,300,556,293,560
312,581,321,575,333,566,343,560,351,554,362,545,372,536,375,546,366,555,355,563,347,570,337,576,325,584,315,591
313,600,318,596,330,588,344,576,353,568,365,559,377,550,380,561,369,570,358,579,348,587,335,598,323,606,318,610
317,614,320,612,334,603,341,597,351,589,363,581,367,577,371,586,366,589,354,598,344,605,338,611,323,621,320,623
358,597,378,585,382,598,362,610
322,625,326,622,335,616,341,612,350,605,354,602,361,597,365,608,358,613,354,616,345,622,340,626,329,633,326,636
369,606,377,606,377,617,369,617
346,626,349,624,352,622,357,617,362,615,367,623,371,622,369,613,366,613,365,624,359,627,356,630,351,633,348,635
362,631,381,618,384,627,365,640
339,630,349,630,349,638,339,638
