126,18,162,6,170,20,134,31
91,54,159,47,163,69,95,76
61,151,149,137,158,170,70,184
0,147,32,147,32,193,0,193
47,186,69,185,88,184,108,181,126,177,153,171,174,166,193,195,172,201,141,208,119,213,94,216,73,218,51,219
17,184,38,184,38,206,17,206
98,250,105,246,116,242,122,238,132,235,136,233,143,230,153,241,146,244,138,247,131,249,125,252,113,257,106,261
154,259,161,253,165,249,173,247,176,245,180,243,186,237,202,244,196,250,187,256,179,260,173,262,170,265,163,271
101,282,109,278,118,274,126,270,134,266,142,263,153,259,164,269,153,273,144,276,135,281,127,285,118,289,111,292
86,306,94,302,118,292,133,284,156,277,176,268,196,261,205,274,186,281,165,289,141,297,128,304,103,315,95,319
136,297,166,297,166,313,136,313
135,377,439,264,506,366,202,478
328,430,340,424,372,410,387,403,413,391,427,383,447,371,460,390,440,402,428,409,402,421,387,428,355,442,343,448
277,476,301,477,367,473,396,463,438,436,465,406,479,385,499,394,486,414,455,448,407,478,372,490,300,494,276,494
452,443,537,441,538,464,453,466
281,444,314,444,314,466,281,466
452,465,545,465,545,488,452,488
451,482,556,490,552,515,447,507
