56,32,327,32,327,65,56,65
78,89,139,86,228,87,306,77,395,57,515,58,586,47,581,86,511,96,402,96,319,115,236,126,136,125,75,128
508,415,565,410,567,425,511,430
437,440,464,439,493,438,515,436,557,429,583,429,610,426,608,447,580,450,561,450,523,456,497,459,461,459,433,462
59,440,215,440,215,461,59,461
59,503,98,490,136,484,178,474,230,466,288,475,316,477,309,498,281,496,230,487,187,494,145,505,98,512,60,525
415,479,441,474,475,471,501,466,550,463,589,466,615,468,611,488,585,486,550,483,506,486,481,490,439,493,414,498
494,494,508,496,535,499,548,499,569,497,593,492,606,488,611,507,598,510,574,515,548,517,535,517,506,514,492,513
365,503,379,503,403,506,428,504,443,503,468,504,494,504,487,523,461,523,443,522,431,523,403,525,374,523,360,522
221,510,330,510,330,531,221,531
381,533,407,532,450,536,495,531,527,525,584,526,615,521,610,541,579,546,531,545,503,550,451,556,400,552,374,552
133,552,365,552,365,570,133,570
76,580,586,582,585,604,76,602
