173,106,216,84,264,65,333,57,407,61,477,90,519,110,504,129,463,110,400,84,334,81,269,89,230,104,188,126
269,161,284,160,325,161,358,160,393,161,424,161,438,161,438,169,424,169,393,170,358,168,325,169,283,169,268,169
277,181,289,180,330,182,352,180,394,181,444,181,456,181,456,188,444,188,394,188,352,187,330,189,289,187,277,188
280,198,292,199,316,201,368,203,389,201,427,201,439,200,439,207,426,208,389,208,368,210,316,208,293,206,280,205
272,220,448,220,448,228,272,228
263,240,278,240,321,241,358,240,392,241,446,239,461,238,461,247,447,247,392,249,358,248,321,249,278,248,264,248
262,264,274,263,313,261,358,261,388,261,425,261,438,261,438,268,426,268,388,268,358,268,313,268,274,270,262,271
266,277,456,277,456,288,266,288
273,301,285,301,317,301,356,301,388,300,423,301,435,301,435,308,422,308,388,308,356,308,317,308,285,308,273,308
265,320,284,320,325,317,351,319,387,318,432,320,451,320,451,330,432,330,387,329,351,330,325,328,284,331,265,331
285,341,436,341,436,352,285,352
270,361,282,361,321,362,351,360,385,362,424,361,436,361,436,368,424,368,385,369,351,367,321,369,282,368,270,368
267,379,280,379,329,381,351,381,388,381,438,379,451,379,451,386,439,386,388,388,351,388,329,389,279,386,267,386
260,399,274,399,322,400,359,400,388,399,437,400,451,400,451,408,436,408,388,408,359,408,322,408,274,407,260,407
268,420,282,420,328,420,352,419,388,420,424,421,438,422,438,430,424,429,388,428,352,427,328,428,282,428,268,428
272,444,281,443,316,441,352,441,387,440,421,441,431,442,432,447,422,447,387,445,352,446,316,447,281,448,272,449
261,459,276,459,323,460,342,459,375,459,408,460,422,460,422,468,408,468,375,467,342,468,323,468,276,467,262,467
257,478,465,482,464,491,257,487
289,501,298,501,321,501,339,501,365,501,383,500,393,498,392,504,382,505,365,506,339,507,321,506,298,507,289,507
409,500,433,500,433,508,409,508
