548,14,555,19,570,30,585,40,593,46,608,57,616,63,603,75,595,69,577,57,571,51,553,40,542,31,534,25
42,20,384,29,381,74,39,65
513,44,532,30,596,77,577,91
216,67,467,70,466,93,215,90
504,105,584,105,584,145,504,145
501,145,518,144,531,144,546,143,557,145,571,145,589,149,589,160,571,156,555,156,547,154,530,155,518,155,500,156
425,280,438,277,463,273,478,271,500,270,525,275,540,278,535,297,521,295,496,290,480,291,468,292,444,296,431,299
471,418,484,418,503,418,522,415,535,409,549,402,563,393,573,402,558,411,543,419,527,425,505,429,484,429,472,429
433,399,469,410,460,427,423,417
194,492,402,492,402,538,194,538
88,544,95,544,98,543,106,543,110,543,117,543,124,544,123,553,116,553,112,552,104,553,101,552,93,552,86,552
264,548,347,550,346,563,263,562
77,556,140,556,140,576,77,576
275,565,360,565,360,578,275,578
56,575,77,579,90,581,106,582,126,580,146,575,156,571,162,581,151,585,130,591,107,593,88,592,73,590,52,586
