110,84,138,85,168,90,211,84,241,76,279,78,312,74,308,108,275,113,243,111,215,118,169,124,134,120,106,118
196,125,225,125,225,154,196,154
343,123,457,141,454,173,340,156
108,161,136,162,162,166,197,162,228,156,269,154,292,148,292,176,269,182,231,184,199,190,162,194,132,190,104,189
339,153,364,157,393,157,425,167,438,169,465,173,493,177,493,201,465,197,436,193,420,190,392,182,365,181,341,177
339,191,362,188,395,186,413,186,450,199,469,198,491,203,491,230,469,226,448,226,408,213,394,214,363,214,340,218
127,205,151,203,185,204,201,201,235,192,268,190,296,182,295,206,267,214,237,216,204,226,186,228,150,228,125,230
339,213,363,212,388,215,404,214,429,222,454,228,474,236,473,261,452,252,426,246,402,239,388,240,365,237,341,238
110,230,136,230,167,236,203,230,242,218,284,220,324,212,317,259,277,267,246,266,209,276,169,284,129,278,104,276
344,236,494,246,493,278,343,268
338,270,351,267,379,264,395,262,420,268,433,272,454,281,451,306,430,296,416,292,394,287,380,288,353,292,340,295
126,290,145,288,179,289,215,281,240,274,289,275,313,271,310,300,287,303,242,303,219,308,180,318,144,316,124,319
344,288,460,290,459,324,343,322
108,327,140,325,170,328,216,317,241,311,278,309,314,301,312,330,275,338,244,340,220,346,171,357,137,353,104,355
338,323,360,322,390,318,415,322,436,327,463,330,485,337,485,363,463,356,434,353,411,348,391,344,362,349,340,350
339,355,364,350,381,346,412,348,432,352,445,355,469,364,469,388,444,379,430,377,410,372,382,370,367,374,343,379
147,362,162,361,183,361,202,357,224,350,241,344,256,337,260,376,245,384,230,388,209,396,186,400,163,401,148,401
338,381,359,382,388,380,428,382,443,382,482,380,498,379,502,409,486,410,443,412,426,413,388,410,362,412,341,412
111,403,141,405,171,408,201,406,239,392,296,390,319,382,317,426,294,434,243,436,208,448,172,452,134,448,104,446
197,453,224,453,224,484,197,484
118,494,153,491,186,495,221,484,248,478,284,476,319,467,339,529,303,538,254,545,230,551,192,562,148,558,113,561
241,549,291,549,291,597,241,597
127,562,181,569,178,619,123,612
