112,81,153,67,235,46,334,39,395,43,473,61,531,80,498,123,439,105,374,90,337,87,258,91,184,112,143,125
291,123,301,121,338,113,353,112,378,115,404,116,427,121,424,129,401,125,377,123,352,121,340,121,309,128,298,130
299,128,315,127,353,123,374,123,403,125,428,127,453,130,450,142,425,139,401,138,371,136,354,136,324,139,308,140
288,128,303,128,303,140,288,140
293,136,456,136,456,160,293,160
290,139,300,139,300,145,290,145
318,159,340,158,360,157,389,157,409,157,427,158,450,158,449,168,426,167,409,166,389,166,362,166,340,167,318,168
311,166,453,166,453,176,311,176
132,283,191,295,272,308,333,310,393,303,435,298,507,281,515,318,442,335,407,340,333,347,256,344,182,331,123,320
144,376,468,376,468,392,144,392
62,409,551,409,551,429,62,429
185,448,431,448,431,466,185,466
58,486,554,486,554,520,58,520
88,557,522,557,522,574,88,574
58,590,548,590,548,606,58,606
