264,12,448,4,449,41,264,49
0,21,185,12,186,25,0,34
84,41,181,37,182,57,84,62
0,48,22,48,22,66,0,66
265,56,443,45,444,81,266,92
53,84,114,78,114,97,53,101
122,104,159,104,159,117,122,117
485,380,495,370,516,352,533,346,549,346,566,349,582,353,578,388,562,382,545,381,536,381,525,382,506,401,494,412
278,372,285,365,297,354,312,350,321,352,331,350,342,356,347,377,335,372,323,373,314,372,300,377,294,382,288,389
22,377,175,344,189,502,36,534
278,396,432,368,437,432,282,460
489,403,589,388,591,424,491,439
489,440,506,451,517,455,532,457,541,453,556,441,571,423,584,451,569,469,552,484,536,492,514,490,497,484,481,473
521,440,526,439,529,437,532,436,536,436,539,449,544,448,547,435,542,436,537,449,533,451,530,451,525,452,519,453
277,469,428,439,433,504,282,534
57,543,76,565,90,581,105,578,121,573,145,543,158,522,176,546,161,567,133,603,109,613,85,615,66,597,48,577
488,546,537,535,538,551,490,562
487,574,576,552,579,571,489,593
