156,82,198,64,270,42,336,36,384,45,431,60,477,82,465,108,419,85,377,72,336,64,276,69,208,90,167,107
208,110,432,112,431,152,207,149
112,159,532,161,532,199,112,198
224,207,414,207,414,246,224,246
122,271,511,267,512,305,122,309
96,316,148,314,226,315,297,313,392,321,453,315,511,314,512,347,454,349,392,354,296,347,226,348,147,347,96,349
516,338,524,338,524,347,516,347
60,351,124,352,208,355,322,354,393,357,502,356,565,357,564,394,501,394,393,394,321,392,208,392,122,389,60,389
227,400,393,402,392,435,226,433
393,423,400,423,400,432,393,432
182,439,216,440,264,443,313,442,361,442,402,443,443,443,442,479,401,479,365,478,309,478,265,479,214,477,180,475
435,467,441,467,441,475,435,475
120,487,170,518,246,554,309,563,390,550,459,517,508,483,524,508,475,541,399,578,309,593,239,582,155,543,104,512
301,499,320,499,320,530,301,530
