148,174,178,160,261,128,324,124,377,131,444,159,474,175,466,190,436,174,373,148,324,141,265,145,185,176,156,189
236,154,255,149,281,143,303,142,333,143,355,147,375,151,372,161,353,158,332,154,303,153,282,154,258,160,239,164
171,224,444,216,444,239,172,246
218,245,400,240,400,264,219,268
132,286,164,285,244,283,319,280,368,279,435,278,467,277,468,295,436,296,368,296,320,298,245,301,165,303,133,305
140,300,177,302,216,304,325,301,399,296,443,295,480,293,481,315,443,317,399,317,325,322,217,325,178,323,141,321
235,325,261,323,281,321,305,321,341,320,356,319,382,317,381,336,354,339,342,339,305,341,282,341,262,342,236,344
254,368,367,369,367,394,253,393
167,398,201,397,243,395,308,395,350,393,405,392,440,390,440,410,405,411,350,413,308,414,244,414,202,416,167,418
239,421,379,416,379,437,240,441
