99,77,163,70,240,64,300,62,389,59,490,67,547,70,543,96,486,93,390,85,300,88,245,89,163,96,99,103
103,109,544,121,541,178,100,166
114,202,344,202,344,222,114,222
45,288,95,281,185,279,289,242,361,221,451,206,558,180,566,250,460,276,394,288,335,305,222,345,102,352,51,359
107,236,245,226,250,256,112,266
297,322,329,318,375,308,432,310,472,317,507,320,540,329,541,346,508,337,467,334,426,327,378,324,341,333,308,338
308,354,342,349,369,344,408,345,453,351,481,351,516,357,516,373,481,367,451,367,403,360,370,360,351,364,316,369
107,386,566,386,566,409,107,409
90,416,568,415,568,439,90,440
89,445,571,445,571,469,89,469
94,477,571,477,571,500,94,500
101,508,469,508,469,533,101,533
179,553,240,553,240,558,179,558
125,566,583,564,583,582,125,584
210,588,246,588,279,588,345,588,393,588,470,587,505,587,505,601,469,601,393,602,345,602,279,602,245,602,210,602
126,608,581,605,581,633,127,636
