312,14,377,14,377,52,312,52
261,109,274,101,319,77,350,74,378,78,402,88,435,106,422,127,388,109,370,101,351,98,326,100,287,121,274,129
198,259,485,256,486,357,199,360
216,366,248,368,286,370,338,372,382,369,439,366,470,363,472,386,441,389,382,392,338,395,286,394,246,391,215,389
238,421,272,423,302,424,349,424,393,422,433,419,457,417,459,438,435,440,394,443,350,445,302,446,271,445,237,443
447,494,454,491,459,490,462,488,470,488,473,488,478,490,482,499,476,498,469,498,464,498,459,500,454,501,447,504
423,506,429,505,440,504,450,503,455,504,465,502,473,501,473,510,465,510,456,512,451,512,441,512,429,514,423,514
428,516,434,515,440,514,446,514,453,513,460,512,465,511,465,520,460,522,454,522,447,523,441,523,435,525,430,525
424,571,453,571,453,582,424,582
300,582,359,582,359,593,300,593
417,583,459,582,460,593,417,594
314,595,346,595,346,602,314,602
430,595,444,595,444,603,430,603
406,605,468,600,469,609,407,613
309,602,350,602,350,610,309,610
203,608,240,608,240,620,203,620
