76,91,84,89,95,87,105,87,116,87,130,89,138,90,135,101,128,100,113,97,106,97,95,98,86,100,78,101
270,87,464,89,463,124,270,123
521,95,527,94,537,92,548,91,558,92,566,93,576,95,573,104,564,103,556,102,546,101,539,102,530,103,523,105
97,99,114,99,114,108,97,108
541,105,557,105,557,112,541,112
68,102,82,107,90,108,107,111,116,110,131,106,145,101,149,113,135,117,121,121,106,122,87,120,77,117,63,113
511,103,526,108,540,111,548,112,562,111,573,108,585,105,593,116,581,120,566,123,548,124,536,123,520,119,505,115
545,358,553,358,564,357,572,356,581,355,591,355,601,355,600,363,590,364,582,364,572,365,565,365,552,366,544,366
549,366,556,367,565,367,576,367,586,366,594,365,601,365,601,374,595,375,587,375,574,376,569,376,554,376,548,376
559,380,598,378,598,384,560,385
559,386,599,384,600,390,560,392
560,392,600,392,600,398,560,398
554,402,609,400,609,407,554,409
564,437,605,435,605,441,565,443
575,477,580,476,592,473,600,472,608,472,619,472,625,472,626,481,620,481,608,481,600,481,593,481,584,484,578,485
