252,68,262,66,286,64,299,64,311,68,332,66,346,70,346,112,331,108,312,110,299,105,285,105,263,108,252,108
59,141,80,121,112,103,147,94,199,108,233,130,254,147,242,233,220,214,189,194,147,183,118,192,91,207,68,227
295,128,567,136,566,214,295,207
293,231,579,240,579,284,292,278
272,295,308,293,369,291,445,293,502,300,554,297,589,302,589,344,553,339,502,342,445,335,369,333,308,335,272,335
63,284,92,311,119,328,138,337,161,339,188,331,211,317,219,403,196,414,165,425,132,423,106,412,79,392,50,368
256,353,287,353,375,357,427,357,491,357,552,359,585,361,584,399,552,397,491,395,427,395,375,395,288,392,256,390
253,408,403,408,403,450,253,450
57,487,83,485,130,485,173,483,219,483,250,487,282,492,283,529,251,525,219,520,173,518,130,523,82,523,56,525
55,542,78,545,115,547,144,547,182,545,219,545,247,540,247,580,219,584,182,584,145,589,115,587,77,584,54,582
425,547,614,547,614,587,425,587
