269,47,291,47,302,47,323,47,348,47,359,46,377,44,377,58,359,59,348,60,324,60,302,60,291,60,269,60
455,56,473,57,498,57,512,57,535,57,558,57,579,56,581,70,559,70,535,71,512,71,498,70,471,70,454,70
68,59,179,57,179,71,69,72
251,58,400,62,398,101,249,97
49,69,199,73,197,112,48,108
442,70,594,73,592,112,441,110
269,99,385,97,386,129,269,130
67,111,186,109,186,141,67,142
460,111,581,111,581,144,460,144
274,132,289,132,306,132,323,133,343,132,358,131,375,130,375,141,358,142,345,142,322,143,306,143,288,143,273,142
267,144,384,142,384,159,268,160
72,145,175,143,175,155,73,156
467,144,568,146,568,157,467,156
65,155,184,155,184,171,65,171
458,158,577,156,578,173,459,174
240,163,264,166,294,169,321,169,361,168,382,168,406,167,407,177,384,177,363,177,321,179,293,178,262,175,239,173
39,176,62,178,92,179,119,180,161,179,190,178,213,177,214,189,191,190,162,191,119,192,91,192,60,190,37,188
431,177,455,179,487,182,512,182,546,181,584,180,605,179,606,190,586,192,547,193,512,193,485,193,453,190,429,188
282,286,378,284,379,295,283,296
76,299,93,300,115,301,125,301,142,301,161,300,178,299,179,310,161,311,142,312,126,312,114,312,93,311,76,310
472,302,487,302,507,303,518,303,536,303,554,302,572,302,572,312,554,313,536,314,519,313,506,313,486,313,471,313
173,355,486,352,487,380,174,383
150,387,519,383,520,412,150,415
162,417,503,414,503,443,163,446
72,450,597,444,597,474,73,480
100,481,572,478,572,507,101,510
229,517,253,517,287,517,323,516,372,515,402,516,429,517,428,529,401,529,372,528,323,528,287,530,252,529,229,530
229,532,245,532,267,533,289,531,308,533,333,533,349,535,349,547,333,546,308,545,289,544,267,545,245,544,229,544
235,549,269,548,303,547,336,547,368,547,404,546,433,546,433,559,403,560,369,561,335,560,302,560,269,561,235,562
242,564,269,564,300,564,341,562,361,564,402,562,429,563,429,575,402,574,361,576,342,574,300,576,269,575,242,576
232,580,256,580,296,579,325,579,349,580,374,579,404,579,406,592,375,592,348,593,325,592,296,591,254,593,231,593
