152,15,483,15,483,34,152,34
230,37,432,37,432,56,230,56
19,110,99,86,215,61,324,53,458,67,574,99,627,120,570,176,516,155,438,131,325,118,240,124,126,149,46,173
68,226,154,229,151,256,65,253
310,234,583,234,583,269,310,269
62,256,193,256,193,283,62,283
391,268,578,268,578,284,391,284
65,286,170,286,170,313,65,313
231,408,242,408,245,426,234,427
249,414,257,414,257,427,249,427
229,462,410,462,410,472,229,472
256,474,269,474,295,474,314,475,346,474,361,474,383,474,383,482,361,482,346,482,314,483,294,482,270,482,256,482
264,483,371,483,371,489,264,489
271,488,366,488,366,494,271,494
276,494,361,494,361,498,276,498
283,499,354,499,354,508,283,508
308,504,320,504,320,508,308,508
327,504,342,504,342,507,327,507
293,508,312,508,312,514,293,514
310,509,341,509,341,513,310,513
303,514,328,514,328,522,303,522
529,531,564,534,563,540,528,537
67,533,133,533,133,543,67,543
495,535,528,535,528,541,495,541
534,539,549,539,549,542,534,542
451,552,593,553,593,561,451,559
39,553,434,554,434,572,38,570
483,559,570,559,570,569,483,569
85,571,123,571,211,571,304,571,431,572,521,571,558,571,558,583,520,584,431,585,304,584,211,584,123,584,85,584
125,586,151,586,236,586,331,585,412,586,499,586,524,586,524,595,499,595,412,595,331,594,236,595,150,594,125,594
524,600,604,601,604,608,524,606
4,624,203,624,203,629,4,629
4,629,21,629,21,632,4,632
21,629,94,629,94,633,21,633
