534,11,625,10,625,38,535,40
322,41,334,42,351,46,373,60,382,70,398,92,408,108,399,119,390,104,375,84,368,76,348,62,332,59,320,58
264,70,270,64,274,60,282,54,290,49,302,45,307,43,310,57,305,58,293,63,286,67,279,74,272,78,266,84
253,80,264,94,244,131,233,116
58,80,168,92,166,134,56,121
481,83,599,83,599,123,481,123
273,100,379,100,379,119,273,119
480,143,600,148,599,186,479,181
78,145,136,148,135,184,78,180
98,282,117,280,143,280,169,292,185,306,206,334,216,353,206,366,196,347,178,323,164,310,142,300,118,300,100,302
458,305,475,294,505,284,531,286,564,306,588,336,600,355,592,367,580,349,558,321,528,304,506,302,479,312,462,321
41,353,45,345,52,332,61,320,72,306,82,297,90,291,96,306,88,312,78,320,68,333,61,344,54,356,50,363
61,348,77,333,107,312,145,309,169,323,191,349,210,380,200,392,180,361,162,341,144,329,109,331,84,350,68,365
424,355,450,315,459,330,434,369
78,355,95,352,109,351,123,349,143,349,162,349,175,350,174,365,161,365,144,363,123,365,109,365,96,367,78,371
456,353,574,353,574,371,456,371
264,431,377,430,378,459,264,461
306,477,334,477,334,504,306,504
278,524,360,522,360,547,279,549
276,568,362,565,363,592,276,594
