235,124,252,120,277,118,303,115,330,115,366,119,384,121,381,139,363,136,328,133,304,133,280,135,256,138,238,142
394,122,413,127,438,136,464,144,496,161,519,175,529,181,512,196,501,189,480,176,450,161,427,153,404,145,385,141
101,187,110,180,130,168,161,149,185,143,206,132,222,127,235,143,218,148,196,160,174,165,146,182,127,194,119,201
177,178,458,177,458,211,177,212
136,222,495,218,496,269,137,272
179,277,458,277,458,308,179,308
165,313,473,313,473,353,165,353
125,364,512,363,513,393,125,394
138,396,497,396,497,427,138,427
215,442,422,442,422,467,215,467
211,472,421,470,421,496,212,499
