530,0,601,0,601,29,530,29
24,42,39,31,59,18,87,11,110,13,122,15,144,25,138,64,116,54,106,52,91,51,68,56,52,66,38,78
196,27,244,22,246,46,198,51
195,48,308,33,310,61,197,77
347,51,357,50,377,47,389,47,401,44,422,41,430,39,431,54,423,56,403,59,390,61,378,61,358,65,348,66
50,61,117,53,119,90,53,98
521,113,606,104,607,122,522,131
383,113,467,105,469,133,385,141
521,162,533,160,539,159,553,158,556,157,568,155,577,154,580,178,570,180,560,181,552,182,541,183,534,184,521,187
45,172,119,165,120,184,45,191
525,179,638,171,640,203,526,211
390,180,404,180,416,182,425,183,439,186,456,197,474,201,453,219,435,215,431,219,422,217,413,215,404,214,390,214
47,219,93,214,95,238,48,242
45,239,155,227,157,255,47,267
519,246,633,243,634,283,520,286
58,352,121,345,123,375,60,381
415,409,477,402,479,431,416,438
529,414,541,413,555,412,573,411,591,409,602,408,617,407,617,423,603,425,592,425,573,428,557,428,542,430,530,430
48,458,56,458,72,457,87,456,96,454,110,452,121,449,121,465,111,467,97,469,87,471,72,472,56,473,48,473
535,458,586,458,586,485,535,485
534,485,638,477,640,507,535,515
431,489,460,489,460,522,431,522
52,504,97,500,98,523,53,527
34,525,136,518,137,549,35,557
528,575,638,558,640,587,530,605
561,593,620,593,620,635,561,635
