249,138,267,135,293,131,332,130,359,130,382,133,401,135,399,160,380,158,356,155,332,155,297,157,273,160,255,163
293,156,350,156,350,175,293,175
265,234,290,232,328,231,399,235,462,246,501,257,524,265,518,274,495,266,458,256,397,245,328,241,292,242,266,244
367,271,396,275,429,281,481,296,508,308,535,323,557,336,544,342,522,329,499,317,473,306,424,292,393,286,364,282
221,241,276,279,96,408,41,370
551,282,566,282,566,292,551,292
396,318,405,318,417,318,429,318,441,318,453,318,466,318,467,330,454,330,442,330,429,330,416,330,405,330,396,330
165,328,249,328,249,356,165,356
400,332,481,332,481,355,400,355
312,347,335,347,335,354,312,354
32,355,47,355,50,501,35,501
148,381,485,375,487,437,150,443
228,487,424,486,424,506,228,508
471,502,499,502,499,509,471,509
259,510,280,510,294,511,315,510,338,510,369,510,385,510,385,519,369,518,338,518,316,519,294,519,280,519,259,518
449,519,503,519,503,532,449,532
263,527,380,527,380,546,263,546
467,534,473,536,480,539,486,538,492,539,500,544,506,543,507,534,502,536,497,547,486,547,478,548,468,544,461,542
181,547,209,554,258,564,311,568,367,567,411,559,440,553,444,564,417,570,370,578,311,580,255,575,204,565,176,558
188,596,216,602,254,608,331,610,389,607,484,588,512,583,518,593,490,599,392,618,331,622,252,619,212,613,183,607
