143,65,154,62,172,56,190,51,203,47,223,43,234,40,243,56,231,59,209,64,199,66,184,71,164,77,154,80
375,38,387,41,402,45,419,49,439,53,460,60,472,63,460,79,448,75,430,70,410,66,395,63,377,58,365,54
24,190,369,144,391,226,46,273
409,210,515,210,515,228,409,228
259,239,585,253,577,348,251,333
144,286,208,286,208,305,144,305
59,353,87,353,190,354,260,353,355,353,445,353,473,352,473,363,445,363,355,364,260,364,190,364,87,364,59,364
547,352,580,352,580,363,547,363
169,372,444,372,444,383,169,383
113,395,498,395,498,411,113,411
234,428,384,428,384,438,234,438
48,443,92,445,229,445,279,446,395,445,475,442,519,441,519,459,475,460,396,463,280,464,230,463,92,463,48,461
100,484,508,488,506,558,98,554
419,590,544,588,544,602,419,603
81,590,296,589,297,601,81,602
