213,41,426,41,426,76,213,76
448,93,455,92,470,88,481,84,498,78,509,76,520,73,523,90,511,92,500,95,485,101,473,104,457,109,450,110
115,72,238,101,232,139,110,109
403,108,471,110,471,133,403,132
472,141,495,133,512,128,534,123,562,120,583,117,598,117,601,146,585,146,564,148,537,152,517,156,501,161,478,169
199,141,210,144,219,147,231,152,239,157,251,171,257,180,246,194,240,186,232,176,225,171,214,166,205,163,194,161
33,179,199,179,199,196,33,196
433,180,453,180,480,179,513,179,544,182,571,180,591,180,591,196,571,195,543,197,513,195,480,194,453,195,433,195
32,201,47,201,78,202,105,202,133,201,156,203,176,203,176,218,156,218,133,216,105,217,78,218,47,217,32,217
437,201,461,200,488,202,507,200,545,200,567,200,592,201,592,219,567,218,545,218,507,218,488,220,461,218,437,219
34,222,168,222,168,239,34,239
436,223,512,223,512,238,436,238
28,255,611,257,611,324,27,322
36,339,202,339,202,356,36,356
433,338,455,338,482,338,522,338,547,338,573,338,595,338,594,355,572,355,547,355,522,355,482,355,455,355,433,355
258,332,275,348,293,359,314,367,334,366,358,352,382,334,390,356,365,373,341,389,314,392,287,382,267,370,250,354
40,361,59,361,84,361,115,361,159,360,190,362,210,363,210,379,190,378,159,375,115,376,84,376,59,376,40,377
436,361,451,361,488,362,510,363,543,363,569,361,589,359,589,374,569,376,544,378,510,378,488,378,451,377,436,376
35,383,198,383,198,399,35,399
436,382,458,382,486,384,507,382,535,384,561,383,584,384,583,400,561,399,536,400,507,398,486,400,458,398,436,399
35,418,209,421,209,436,35,434
436,419,602,419,602,436,436,436
35,440,205,440,205,456,35,456
441,441,463,441,495,441,518,441,548,442,588,441,608,441,608,457,589,457,547,458,518,457,495,457,463,457,441,457
242,448,397,448,397,472,242,472
35,461,209,461,209,479,35,479
434,461,456,462,482,462,525,464,555,464,575,462,598,460,597,477,575,478,556,480,525,481,482,478,456,478,434,477
246,477,266,477,301,478,316,477,345,478,368,477,396,477,395,501,367,501,345,501,316,501,301,501,266,501,246,501
34,483,50,484,76,484,114,484,134,484,166,484,188,483,188,499,166,500,134,500,114,500,76,500,50,500,33,499
436,484,491,484,491,501,436,501
501,486,589,517,581,562,491,530
54,515,134,495,141,546,62,565
263,504,281,505,306,506,317,506,343,506,360,505,378,504,377,530,359,531,343,532,317,531,306,531,281,531,263,530
118,559,520,559,520,589,118,589
