313,66,328,70,320,128,304,123
354,71,368,65,381,120,367,126
321,144,328,149,335,152,341,154,349,153,358,148,364,143,366,160,360,165,352,170,343,171,333,169,324,165,318,161
243,195,440,196,439,226,243,224
193,240,222,242,293,245,329,246,391,246,447,244,476,243,476,265,447,266,391,268,329,269,293,268,222,264,193,262
167,272,513,274,513,301,167,299
191,300,223,303,273,303,320,307,388,303,462,304,494,303,493,326,461,328,387,327,321,331,273,327,223,327,191,324
202,332,231,332,276,334,330,333,387,340,450,336,480,336,480,360,451,359,387,362,330,357,276,357,231,355,201,355
186,364,495,366,494,389,186,387
241,397,268,396,298,397,332,395,374,398,409,400,436,403,435,424,408,421,374,419,332,416,298,418,268,417,241,418
216,425,242,427,290,428,334,431,376,427,420,428,447,425,446,446,420,448,376,448,334,452,290,448,242,447,215,445
240,459,269,457,294,455,328,455,375,455,410,455,427,455,427,479,411,479,375,479,328,479,294,479,270,481,241,483
