393,0,443,-1,443,8,393,12
466,22,495,22,495,32,466,32
512,39,553,37,553,50,512,52
0,48,8,48,8,58,0,58
-1,62,3,62,9,60,14,62,21,62,28,62,33,62,30,77,25,77,23,76,13,77,9,75,1,77,-2,77
1,82,30,79,31,98,1,100
455,89,497,89,497,100,455,100
395,123,431,126,431,139,394,137
440,140,462,140,462,148,440,148
1,365,35,365,35,386,1,386
384,442,553,451,551,505,383,495
0,479,82,471,83,486,0,495
0,494,90,484,91,500,0,509
387,500,475,505,474,529,386,524
518,508,522,509,530,510,536,512,540,512,546,512,552,510,551,523,545,524,541,525,535,525,528,523,522,522,518,521
