135,-1,144,0,166,2,180,6,202,11,218,14,229,17,228,29,217,27,200,23,178,19,165,14,144,12,135,10
577,3,586,4,589,7,597,4,605,4,614,4,623,4,620,27,611,27,605,27,599,27,593,30,576,24,567,23
345,17,350,17,358,18,365,19,372,22,381,28,386,31,380,42,376,38,368,34,362,31,357,30,351,29,345,29
169,36,240,36,240,78,169,78
342,40,349,46,357,52,366,57,374,60,383,64,393,67,389,77,380,73,371,70,364,67,354,62,343,54,337,49
-2,44,3,45,11,47,17,49,24,52,26,54,33,61,32,75,25,69,20,66,14,63,6,61,1,59,-4,58
470,58,476,57,480,57,485,57,491,59,496,63,500,66,496,76,492,73,488,70,484,69,479,68,476,69,470,70
-7,99,85,84,92,161,0,176
482,88,487,92,496,96,504,99,512,97,522,94,528,90,529,105,524,108,515,112,503,113,494,111,483,106,478,102
390,92,396,99,403,105,408,106,414,108,422,107,429,108,427,124,421,123,413,124,406,122,399,121,389,112,382,106
223,115,236,115,248,115,262,115,277,119,290,123,298,126,295,138,287,134,275,131,261,128,248,127,236,127,223,128
524,134,559,132,560,158,525,159
432,149,442,148,448,147,459,150,468,153,478,159,483,163,481,171,475,167,466,162,458,159,447,156,442,157,432,158
183,165,332,146,338,218,189,238
397,196,502,173,510,233,404,256
558,182,597,187,596,197,557,193
527,229,543,225,567,215,580,214,593,206,606,204,622,196,638,234,622,242,599,249,588,256,569,259,555,265,538,270
215,234,222,232,236,229,247,225,256,223,268,220,274,219,276,236,270,237,258,240,249,242,239,246,225,249,219,251
208,253,217,251,227,248,238,245,252,241,261,239,272,236,273,246,262,249,254,251,239,256,229,259,219,261,210,264
421,251,426,249,435,246,443,243,451,241,457,239,463,237,466,251,460,253,454,255,446,257,438,260,431,262,425,264
417,266,462,252,464,261,419,276
545,283,552,274,560,265,570,260,579,257,587,276,595,272,594,250,586,254,584,278,574,281,568,284,563,291,556,299
55,312,93,312,93,323,55,323
318,322,341,322,341,330,318,330
491,326,507,326,507,334,491,334
56,505,584,399,598,518,70,624
