280,69,295,52,320,32,343,30,364,46,377,84,384,111,373,115,366,88,356,57,339,45,322,47,303,64,288,80
320,48,351,54,350,65,319,59
311,114,314,117,320,122,324,124,330,123,335,124,342,123,343,128,336,130,330,129,324,129,318,127,312,122,309,119
185,181,480,177,480,208,185,212
245,214,418,209,419,242,245,246
149,255,516,251,516,280,150,284
443,277,518,281,517,304,442,300
150,282,422,278,423,302,150,306
178,311,210,308,253,305,330,302,395,303,475,302,508,302,507,326,475,326,395,327,330,327,253,329,210,332,178,335
149,329,516,327,516,356,150,358
160,355,191,355,255,358,321,352,405,350,463,351,495,351,495,375,463,376,405,375,321,377,255,382,191,379,159,380
468,377,518,377,518,400,468,400
151,377,241,383,240,406,150,401
260,378,437,378,437,401,260,401
166,402,198,402,256,401,318,401,409,400,480,400,511,399,511,424,480,424,409,425,318,425,256,426,199,427,167,427
149,427,518,424,519,472,150,475
318,452,350,450,375,450,421,449,464,450,488,450,520,449,519,473,487,474,464,474,421,474,375,475,350,475,318,477
151,451,274,451,274,475,151,475
156,477,188,477,271,474,320,475,368,477,447,475,479,476,480,500,448,500,369,502,318,499,271,499,189,501,157,502
208,504,232,504,284,503,326,504,374,503,432,502,456,502,456,520,431,520,374,521,326,522,284,521,232,522,208,522
505,525,520,525,520,533,505,533
338,527,441,527,441,535,338,535
150,527,165,527,165,535,150,535
228,529,321,529,321,535,228,535
