488,0,515,0,515,25,488,25
549,11,552,11,552,28,549,28
272,14,282,14,308,18,318,19,342,22,353,24,371,27,369,42,352,39,341,37,317,34,307,34,281,30,271,29
608,17,633,17,633,43,608,43
274,29,319,36,318,42,274,35
420,31,429,33,450,35,460,38,481,40,490,40,507,40,506,56,489,56,480,57,458,54,448,51,428,50,418,47
40,142,63,113,88,82,119,58,152,43,186,34,210,32,218,87,194,89,165,97,139,108,115,126,88,158,66,188
0,38,17,38,17,65,0,65
547,50,557,51,571,52,584,53,602,56,611,57,624,59,624,72,610,70,601,70,584,66,570,66,555,64,546,63
275,45,341,87,325,130,259,87
411,80,416,79,423,77,427,79,432,83,432,93,433,98,436,94,435,89,428,86,425,84,423,83,417,84,412,85
417,89,429,89,429,111,417,111
491,95,520,95,520,120,491,120
576,99,608,103,607,111,575,108
72,297,78,253,87,222,113,169,159,125,202,108,232,100,248,168,218,176,179,190,149,220,133,257,126,284,120,328
566,118,620,123,619,140,565,136
600,131,620,132,619,140,600,139
423,131,432,132,454,134,464,134,484,137,494,136,509,136,508,152,493,152,483,152,463,150,454,150,432,148,423,147
600,137,612,137,612,145,600,145
612,140,618,140,618,145,612,145
0,169,18,169,18,196,0,196
613,196,638,196,638,220,613,220
554,233,628,234,628,250,554,248
550,288,560,288,560,309,550,309
616,290,638,290,638,312,616,312
434,311,440,309,446,308,451,309,456,313,459,320,462,327,459,330,456,323,453,316,450,314,446,314,442,314,435,317
556,329,630,327,631,343,556,345
429,362,464,362,464,369,429,369
417,376,474,376,474,391,417,391
616,384,638,384,638,409,616,409
552,390,561,390,561,409,552,409
416,390,475,390,475,417,416,417
0,418,16,418,16,446,0,446
416,421,424,421,434,422,445,422,456,422,466,422,476,421,476,430,466,431,456,432,445,431,434,432,423,430,415,430
557,430,631,424,632,439,558,445
417,465,437,465,437,480,417,480
464,470,486,469,487,482,465,484
581,483,613,479,614,489,581,492
605,501,625,501,625,510,605,510
569,507,578,504,589,503,598,502,608,508,616,507,627,512,631,528,619,523,607,525,596,518,589,520,580,521,571,524
322,512,346,510,347,519,322,521
144,528,154,528,154,537,144,537
150,536,155,529,164,540,159,547
335,536,361,534,361,543,336,545
48,568,54,556,63,541,72,536,82,536,94,550,102,561,96,567,88,557,80,546,73,545,67,549,60,560,55,572
128,537,136,535,142,535,149,537,155,544,152,557,154,563,159,557,157,551,149,549,146,546,142,544,137,544,129,547
336,543,361,543,361,551,336,551
68,550,84,550,84,578,68,578
336,552,362,550,363,559,336,560
0,560,14,560,14,586,0,586
553,583,570,583,570,591,553,591
621,579,638,579,638,606,621,606
556,592,568,592,568,615,556,615
75,604,167,591,168,611,77,625
501,601,528,601,528,627,501,627
76,623,134,616,135,625,76,632
592,628,638,621,640,636,594,643
