150,120,180,104,256,71,325,64,394,70,451,88,480,99,472,120,443,109,391,93,324,87,259,93,187,124,157,141
182,148,486,154,485,199,181,193
266,205,398,205,398,249,266,249
254,266,408,266,408,295,254,295
144,300,181,300,246,299,341,299,398,300,464,303,501,305,500,333,463,331,398,328,341,327,246,327,181,327,144,328
143,332,177,331,263,331,322,331,400,334,449,335,484,336,483,363,448,362,400,360,322,358,263,358,177,358,143,359
200,362,463,367,463,394,200,390
186,396,220,397,278,397,320,398,378,399,465,402,500,403,499,429,464,428,378,425,320,424,278,423,220,423,186,422
219,427,443,434,442,465,218,458
244,463,419,467,419,494,244,491
