241,137,255,134,282,130,320,128,346,129,373,132,390,135,387,148,370,146,346,143,320,142,284,144,258,148,244,151
410,137,428,142,454,151,479,160,512,180,532,196,540,204,520,217,511,209,494,194,464,177,442,168,418,160,399,156
96,204,105,197,125,183,156,164,172,155,205,144,221,138,231,155,215,160,184,171,171,179,141,197,122,211,113,217
211,190,433,190,433,233,211,233
91,244,559,242,560,297,91,299
151,306,483,306,483,344,151,344
134,355,499,355,499,390,134,390
160,392,482,394,482,437,159,435
207,441,426,440,426,466,207,468
216,469,415,467,416,492,217,495
