93,172,108,170,110,204,96,206
86,181,93,181,93,192,86,192
89,188,97,188,97,202,89,202
345,192,361,206,392,223,425,237,454,235,496,230,517,222,521,241,499,248,454,254,423,255,386,240,354,222,338,209
131,222,160,229,177,232,208,229,238,222,267,207,284,198,291,214,275,223,242,240,210,247,177,250,157,247,129,239
133,203,151,204,171,203,188,205,204,206,227,202,245,200,250,222,232,225,206,228,188,228,169,227,149,227,131,227
405,211,419,211,432,211,456,212,468,212,484,214,501,215,506,232,489,231,465,230,458,230,430,229,417,229,403,230
354,218,382,238,390,244,421,252,445,252,469,242,491,232,511,274,488,285,441,300,417,300,379,289,357,277,330,256
125,247,145,247,181,256,194,251,221,249,249,239,273,231,279,251,256,259,224,270,197,272,180,278,142,269,122,269
129,272,148,274,176,277,202,274,226,272,252,265,276,258,280,274,256,281,229,288,206,291,174,293,146,291,127,289
216,366,238,379,269,396,310,401,341,401,376,392,406,381,414,399,384,410,343,422,310,421,264,415,229,397,207,384
193,358,217,379,268,417,307,423,355,416,393,400,430,379,441,401,404,422,360,441,306,448,262,442,204,399,180,379
