32,21,224,26,223,46,32,40
495,138,521,138,521,165,495,165
533,166,577,166,577,175,533,175
495,166,522,166,522,173,495,173
525,221,532,210,550,189,561,184,575,188,591,204,603,218,597,231,585,217,571,203,561,201,553,205,538,223,531,234
318,224,516,236,515,290,317,278
532,241,591,241,591,262,532,262
102,291,148,291,148,323,102,323
543,296,549,298,555,300,566,300,569,299,578,297,584,294,586,313,581,315,572,318,565,318,555,318,546,316,540,314
352,307,451,322,449,370,350,355
34,329,222,340,221,377,33,366
74,374,181,379,180,414,73,409
377,386,487,392,486,455,375,449
401,461,479,463,478,503,400,500
423,527,544,534,543,576,422,569
