195,57,266,53,267,70,196,74
447,74,465,74,465,82,447,82
398,77,444,75,445,83,399,86
398,85,493,80,494,91,399,96
456,90,475,90,475,101,456,101
398,94,420,94,420,105,398,105
398,109,464,106,465,129,399,132
417,153,482,148,483,159,418,163
141,215,445,190,447,227,143,252
105,262,479,220,487,346,113,388
104,485,112,482,130,475,147,468,166,459,175,455,190,447,195,465,180,473,170,477,152,486,134,493,117,500,109,503
111,502,119,499,136,493,148,487,158,481,172,476,183,470,185,480,175,486,160,492,151,497,138,504,120,510,113,513
