5,109,159,102,160,145,6,152
201,183,221,165,248,134,283,130,315,130,343,131,366,139,366,160,343,152,314,151,283,150,253,154,235,177,213,195
447,134,466,137,492,138,510,142,540,142,562,145,581,145,583,166,565,166,540,164,509,165,491,160,461,159,443,155
22,157,163,155,163,195,22,198
495,165,538,167,537,190,495,189
249,168,405,180,402,225,247,213
69,200,160,197,161,242,70,245
212,220,227,220,227,298,212,298
452,211,485,211,485,229,452,229
508,213,539,215,538,235,508,232
558,215,582,215,582,234,558,234
285,227,360,229,359,248,284,246
441,236,491,236,491,254,441,254
510,237,585,240,585,257,509,255
75,250,161,250,161,293,75,293
285,253,361,253,361,270,285,270
441,261,585,265,584,284,441,281
284,275,400,275,400,294,284,294
440,285,476,288,475,306,440,305
505,287,583,289,583,308,504,307
283,298,296,298,307,298,329,298,343,299,352,298,368,297,368,315,353,316,343,318,328,316,307,317,296,316,283,316
72,300,163,297,164,341,73,344
213,311,226,311,226,349,213,349
285,322,392,322,392,340,285,340
455,330,467,329,489,329,506,328,535,328,546,330,565,331,565,350,546,347,534,346,506,346,489,347,467,347,454,347
461,369,556,369,556,390,461,390
465,410,552,409,552,425,465,426
456,431,475,430,486,428,502,430,528,428,539,429,558,430,558,448,540,447,528,445,503,448,487,446,473,448,455,450
454,454,561,450,561,470,455,473
