38,179,93,155,213,114,329,101,404,106,508,127,595,152,583,218,496,192,399,172,330,169,221,180,108,220,53,243
133,226,500,210,501,246,134,262
179,268,228,270,274,277,332,270,372,265,426,262,464,257,463,295,425,300,374,304,332,308,275,315,228,309,179,306
172,342,201,341,261,337,310,335,374,330,461,326,491,325,491,347,462,350,374,353,311,357,261,360,201,364,172,366
155,366,185,365,267,361,333,361,382,356,458,353,487,351,489,373,459,376,383,378,333,383,268,384,185,388,155,388
141,477,508,462,509,490,142,506
150,510,179,510,240,506,316,505,406,497,492,495,522,493,522,515,493,517,407,520,317,527,240,528,179,532,150,533
172,541,204,540,246,538,310,539,399,531,453,530,485,527,486,551,454,553,400,555,311,563,246,562,204,565,172,565
409,582,430,582,453,586,474,581,498,579,524,579,537,579,537,604,523,604,499,604,475,606,454,611,430,607,410,607
98,598,295,591,296,622,99,629
401,622,553,610,554,634,402,645
242,629,262,629,262,638,242,638
263,629,273,629,273,638,263,638
