207,-6,622,14,618,56,204,35
211,34,571,64,565,106,205,76
185,183,212,166,250,146,294,145,322,155,351,183,369,207,353,213,336,189,311,165,290,158,255,159,224,175,197,192
227,191,234,190,248,187,263,185,270,184,283,182,295,180,297,189,286,191,272,193,265,195,251,197,237,199,231,200
199,207,224,204,244,202,263,200,286,197,317,191,330,189,334,202,321,205,289,211,266,214,248,216,226,218,201,220
186,198,200,199,195,262,181,261
351,218,372,222,343,299,322,294
202,227,214,226,247,222,264,220,290,217,314,215,333,213,335,225,316,227,293,229,267,232,249,234,217,238,205,239
203,240,331,228,334,248,206,260
212,265,225,264,244,264,267,262,286,259,305,259,324,256,325,265,305,267,287,268,268,271,245,273,226,273,213,273
195,265,207,280,224,297,255,311,268,312,312,299,327,293,334,302,318,308,270,322,251,321,216,305,195,286,184,270
221,276,232,275,248,274,265,273,286,271,298,271,315,270,315,277,299,278,287,278,266,280,248,281,233,282,222,283
246,296,252,295,259,295,268,295,276,295,286,295,293,296,292,304,284,303,276,303,268,303,261,303,253,304,247,304
129,385,154,397,206,421,260,447,336,481,370,500,394,512,385,523,361,510,326,491,251,458,197,432,145,407,120,396
146,412,168,423,210,443,263,469,287,483,330,503,351,514,343,523,322,512,279,493,255,478,201,452,160,432,138,422
128,504,157,524,183,540,223,566,248,580,278,598,309,615,296,629,264,611,233,594,209,580,168,553,143,537,114,517
134,539,146,546,173,562,202,581,227,597,257,616,272,625,263,633,248,623,218,605,193,589,164,570,137,554,126,547
