241,10,366,0,367,27,243,37
396,12,416,18,426,22,445,30,467,40,483,52,496,62,484,84,471,74,457,64,437,54,419,46,410,43,390,37
143,67,151,60,162,51,181,40,188,36,205,27,218,22,225,43,212,49,198,56,189,60,173,70,163,79,155,85
201,68,438,70,437,98,201,95
275,100,359,99,360,111,275,113
131,135,151,135,225,134,335,133,384,133,465,132,484,132,484,145,465,145,384,146,335,146,225,147,151,147,132,148
142,155,164,155,273,154,330,153,402,152,488,153,510,153,510,167,488,167,402,166,330,167,273,168,164,168,142,168
288,175,307,175,365,174,422,174,478,174,522,174,541,174,541,187,521,187,478,187,422,187,365,187,307,187,288,187
281,195,303,195,363,195,415,195,470,195,526,195,548,195,548,209,526,209,470,209,415,209,363,209,303,209,281,209
268,218,589,216,589,232,268,233
277,238,595,238,595,255,277,255
339,261,363,261,410,261,456,261,523,261,566,261,591,261,591,276,566,276,523,276,455,276,410,276,363,276,339,276
336,285,360,285,403,285,452,285,501,285,552,285,576,285,576,301,552,300,501,300,452,300,403,300,360,300,336,300
608,292,625,295,613,382,596,379
332,310,593,310,593,325,332,325
454,335,593,335,593,350,454,350
344,386,368,384,421,381,469,382,508,382,541,384,566,387,566,403,542,401,508,398,468,398,421,397,368,401,344,402
407,585,441,570,495,534,527,510,552,473,576,432,591,394,609,404,593,442,568,486,540,526,507,552,449,590,415,606
314,403,341,402,392,401,436,403,499,402,548,402,572,401,571,419,547,419,499,419,436,420,392,419,341,420,314,420
374,423,555,423,554,443,374,441
356,444,547,446,546,465,356,463
358,466,531,472,530,491,358,486
400,491,510,491,510,509,400,509
