240,30,278,30,278,65,240,65
407,38,461,54,451,88,396,71
75,149,87,132,106,111,127,90,158,69,180,55,212,39,231,73,199,89,177,103,151,121,133,139,114,160,102,177
510,135,544,113,588,178,555,201
27,269,64,270,62,364,26,363
585,295,630,306,592,471,547,460
65,385,90,429,117,472,158,513,201,540,249,562,290,574,275,615,234,603,180,578,129,545,84,499,51,450,27,405
91,421,105,413,149,490,135,498
328,493,362,495,400,488,432,485,464,463,492,445,509,426,539,460,521,479,483,504,452,526,404,532,384,534,350,532
511,487,541,487,541,517,511,517
430,555,477,524,497,556,450,586
