319,152,357,152,357,190,319,190
307,150,317,154,310,192,300,189
316,210,321,210,328,210,330,209,335,210,340,206,346,204,347,215,342,217,338,221,332,220,326,221,321,221,317,222
211,241,450,236,451,258,212,263
176,266,486,262,487,284,177,289
201,307,225,306,273,302,335,302,380,302,443,300,467,300,467,319,443,319,380,320,335,320,273,321,225,325,201,326
198,328,223,328,270,328,328,328,374,327,428,327,452,327,452,345,428,346,374,346,328,347,270,347,222,347,198,347
208,357,232,356,268,355,316,354,367,358,427,354,452,355,452,374,428,373,367,377,316,373,268,374,232,375,208,376
195,382,461,381,462,403,196,405
251,417,275,414,293,412,329,410,345,410,377,412,399,414,398,432,376,430,345,428,329,428,293,430,275,432,251,435
278,448,374,448,374,469,278,469
