277,43,463,77,446,119,260,85
164,128,178,121,208,109,239,110,275,122,289,132,306,148,288,158,271,142,260,135,233,126,212,125,189,135,175,142
199,143,273,148,269,170,196,166
159,162,183,162,183,172,159,172
184,167,304,177,300,199,180,189
147,247,531,188,545,229,162,288
195,295,380,273,390,313,205,334
203,340,455,302,467,339,215,376
211,384,490,335,505,372,226,421
155,467,225,448,286,438,320,430,393,415,472,407,532,395,542,431,482,443,404,452,340,465,299,474,222,485,152,504
403,453,425,447,442,444,464,439,484,436,504,435,523,434,527,451,509,452,487,452,471,455,449,461,431,464,408,469
152,525,185,519,244,506,300,497,373,484,437,473,470,467,476,487,444,492,381,503,308,516,253,525,192,538,160,544
198,543,233,534,293,521,350,508,407,506,433,499,480,493,489,511,442,516,409,525,359,526,300,539,245,550,211,559
415,533,436,528,454,523,467,519,482,516,498,516,515,516,531,534,514,535,493,536,476,540,462,544,457,544,436,549
231,561,253,555,275,548,304,541,328,532,362,525,383,520,387,531,366,537,334,543,313,551,280,559,262,565,241,570
263,587,281,582,315,572,352,563,369,558,403,549,430,543,437,556,411,563,378,571,359,576,323,585,292,594,274,599
