21,129,33,107,52,80,74,73,97,83,114,112,126,137,116,150,104,125,90,100,72,92,56,98,43,119,32,140
145,89,611,81,612,173,146,180
417,145,599,137,600,178,418,187
37,175,51,175,62,175,84,175,96,175,114,175,128,175,128,187,114,187,96,187,84,187,62,187,51,187,36,187
18,206,34,206,34,214,18,214
80,291,91,274,120,235,137,229,163,233,193,257,211,275,202,289,184,271,159,251,138,248,125,252,102,286,90,303
216,335,262,295,349,231,427,224,502,243,565,316,608,375,581,420,538,361,489,301,425,284,358,290,285,344,239,385
32,290,62,290,62,307,32,307
80,334,215,338,214,364,80,361
40,367,64,367,64,383,40,383
82,397,214,403,213,440,82,435
281,436,559,449,558,484,280,472
280,482,308,483,366,484,417,487,461,488,505,491,537,492,536,521,504,519,461,516,417,515,365,512,308,511,280,510
266,521,555,530,554,556,265,548
344,561,489,565,488,589,343,586
