404,129,416,128,438,128,456,126,476,127,496,127,508,128,508,139,496,138,476,138,456,137,438,139,416,139,404,140
561,124,598,133,597,150,560,142
89,160,228,128,235,199,96,231
563,141,592,145,591,162,562,157
420,145,498,145,498,169,420,169
554,155,559,156,569,157,576,158,582,160,591,162,596,163,596,177,592,176,581,173,574,171,569,170,557,169,553,168
365,164,540,164,540,205,365,205
353,207,587,204,588,242,353,245
32,246,108,246,108,259,32,259
392,258,566,258,566,273,392,273
93,266,149,246,155,292,99,312
55,331,357,199,383,352,81,484
389,275,567,275,567,286,389,286
335,368,361,368,361,380,335,380
615,475,638,475,638,484,615,484
628,484,638,484,638,490,628,490
603,492,638,492,638,508,603,508
66,505,192,497,193,510,66,517
627,508,638,508,638,519,627,519
82,515,171,510,172,520,82,525
58,525,73,525,99,523,132,523,153,521,179,519,193,518,194,532,179,533,153,534,132,537,99,536,73,539,59,539
424,519,520,519,520,543,424,543
87,540,176,535,177,546,87,551
423,540,456,540,456,546,423,546
434,549,505,549,505,559,434,559
603,555,638,553,639,581,603,583
474,559,508,559,508,565,474,565
203,566,258,561,259,570,203,575
212,573,247,570,248,579,212,582
445,575,539,573,540,585,445,587
204,575,210,575,210,581,204,581
259,590,271,589,292,586,304,585,320,584,342,583,354,582,353,602,341,603,321,604,305,605,294,605,271,609,260,611
71,587,82,585,96,584,118,584,128,584,145,582,157,581,155,616,143,617,130,619,116,619,96,619,82,620,71,622
444,587,521,587,521,598,444,598
