76,74,95,74,135,75,169,76,200,78,239,81,268,83,267,109,237,107,200,104,169,102,135,100,95,100,76,100
188,113,218,113,218,123,188,123
139,144,151,138,173,130,197,127,223,130,248,139,260,144,258,154,245,149,221,141,197,138,174,141,154,148,141,154
173,148,181,147,191,147,201,146,213,147,222,149,231,150,231,161,222,159,212,157,201,157,191,157,181,158,173,158
181,168,194,168,194,177,181,177
122,170,176,171,175,181,122,180
207,170,225,170,225,177,207,177
230,173,255,173,255,182,230,182
263,174,276,174,276,183,263,183
175,176,202,176,202,185,175,185
209,176,223,176,223,185,209,185
116,196,285,199,285,210,116,207
127,218,136,218,144,218,154,218,165,217,174,218,183,218,183,229,174,229,165,229,154,229,144,229,136,229,127,229
208,218,284,218,284,229,208,229
182,247,224,247,224,259,182,259
140,268,173,268,173,277,140,277
231,267,262,267,262,276,231,276
223,277,269,277,269,286,223,286
130,279,183,279,183,289,130,289
177,300,228,297,229,309,178,311
159,324,246,321,247,333,160,336
119,380,171,382,170,394,118,391
180,382,184,381,185,379,189,379,190,379,192,390,197,389,199,378,195,379,191,391,187,391,187,390,182,392,178,393
118,388,138,388,138,397,118,397
