268,41,360,41,360,60,268,60
48,92,118,80,207,69,300,65,410,71,507,90,576,105,563,135,494,120,402,102,300,96,212,100,129,110,60,123
258,116,266,117,282,119,301,119,323,120,336,120,347,120,348,131,337,131,321,131,300,130,282,130,266,128,258,128
59,141,564,149,563,171,58,163
84,177,535,184,534,207,83,200
160,207,467,213,466,229,160,223
287,232,294,231,306,231,310,230,318,231,330,231,337,232,334,241,327,240,320,240,311,239,304,240,294,241,286,241
115,259,337,263,336,293,113,289
105,287,130,289,179,291,212,293,260,293,289,293,318,293,316,304,287,305,259,304,212,304,178,302,129,300,104,298
99,304,120,304,157,304,194,305,238,305,281,307,303,308,302,319,281,318,237,316,194,316,157,315,118,315,97,315
134,340,264,340,264,352,134,352
139,376,429,381,428,389,138,384
206,418,428,421,427,439,205,435
184,465,442,469,441,493,183,488
59,519,570,525,569,560,58,555
181,573,448,576,448,604,180,600
