174,0,232,0,232,51,174,51
332,0,370,0,370,15,332,15
399,-19,649,88,634,149,383,41
3,12,159,89,139,158,-16,81
89,387,111,294,169,130,233,66,339,41,454,99,520,144,498,191,432,147,339,98,250,118,201,168,153,307,132,400
0,160,106,181,99,244,-6,223
554,176,647,213,634,269,541,232
451,242,480,242,480,272,451,272
419,287,516,236,536,299,438,349
4,257,99,296,84,358,-10,318
1,363,133,427,115,489,-16,425
234,527,277,539,330,545,386,528,438,486,467,444,501,380,533,409,499,473,464,525,403,574,336,595,271,589,228,578
573,426,638,426,638,509,573,509
171,484,187,478,208,469,228,458,249,449,281,432,296,425,308,462,293,469,261,487,239,497,220,506,194,517,179,523
505,482,651,542,636,603,490,543
41,493,254,581,237,650,24,562
437,563,550,590,541,655,428,627
