181,27,219,24,272,21,321,20,380,20,439,25,477,28,473,42,436,39,378,34,322,34,273,35,221,38,184,41
162,129,207,100,253,79,321,66,392,72,481,101,512,114,477,146,446,134,371,110,319,107,273,117,243,133,199,162
267,130,397,130,397,149,267,149
556,138,583,140,572,227,545,226
219,169,479,168,479,208,219,209
176,203,226,238,283,270,323,276,401,263,446,231,480,203,531,233,498,261,429,304,323,320,254,311,178,270,128,236
261,227,398,226,399,247,262,248
527,235,572,239,557,302,513,297
111,349,149,350,236,351,308,352,407,351,471,352,510,352,509,366,471,366,407,365,308,366,235,365,149,364,111,363
75,384,581,387,581,409,75,405
67,423,117,423,226,425,348,424,448,424,516,425,566,425,566,443,516,443,448,443,348,442,226,443,116,441,67,441
55,445,96,445,201,446,314,446,434,448,522,448,564,448,564,463,522,463,434,464,314,462,201,462,96,461,54,461
41,465,471,469,471,487,40,482
100,497,149,498,230,501,366,500,418,500,521,500,570,501,570,519,521,519,417,518,366,518,230,519,149,516,99,515
41,520,613,523,613,542,40,539
42,542,211,542,211,559,42,559
118,573,182,581,240,586,340,590,404,588,483,581,547,572,553,599,490,608,409,615,340,618,236,613,175,608,111,599
