350,36,359,35,381,30,401,24,422,17,442,8,453,3,461,26,449,31,425,42,404,49,385,55,362,61,353,62
564,68,578,68,578,85,564,85
355,152,365,151,385,150,402,149,427,150,437,150,454,151,455,180,437,179,427,179,402,178,387,179,366,180,356,181
218,156,323,152,324,215,219,218
376,175,431,175,431,204,376,204
365,211,445,209,446,237,366,238
79,295,97,293,113,288,131,284,152,277,173,267,184,262,191,282,181,287,155,300,134,307,115,310,99,315,82,318
295,335,308,335,308,351,295,351
0,379,37,386,34,419,-2,412
85,413,96,411,115,409,135,409,149,410,166,411,184,412,185,436,167,435,149,434,135,433,117,433,96,435,85,437
-3,416,8,416,17,417,26,421,38,427,45,439,51,447,41,466,35,458,29,446,20,444,14,441,6,440,-5,439
107,434,162,434,162,461,107,461
0,439,30,444,28,475,-1,470
96,472,176,464,177,489,97,497
24,593,37,593,37,610,24,610
