491,0,573,0,573,51,491,51
12,8,174,8,174,27,12,27
4,30,109,21,187,25,315,25,440,41,582,76,680,100,633,176,535,153,406,121,298,108,188,109,109,105,3,115
270,128,334,133,386,145,477,151,557,164,602,180,674,204,635,247,564,224,539,215,460,202,378,197,322,184,258,180
-9,281,2,276,26,267,37,263,57,259,81,254,94,251,103,272,89,274,66,279,45,284,37,287,18,294,5,300
289,314,524,325,520,373,285,362
0,320,39,320,39,345,0,345
289,363,550,379,548,398,286,382
83,380,113,380,113,391,83,391
0,505,52,505,52,534,0,534
0,576,48,576,48,595,0,595
550,604,630,605,629,624,549,623
551,624,557,624,572,625,588,624,604,624,621,624,630,624,630,632,620,632,605,631,588,632,571,632,557,631,550,631
