468,45,567,47,566,79,468,77
42,49,276,49,276,83,42,83
366,52,415,52,415,74,366,74
464,95,478,97,499,97,516,100,531,98,549,93,567,87,568,114,550,120,533,124,516,127,499,124,478,124,464,121
366,104,439,104,439,124,366,124
231,108,283,108,283,121,231,121
116,154,124,145,144,129,160,125,179,130,191,140,204,153,197,166,184,153,175,145,160,141,146,144,131,157,123,166
474,147,484,147,492,146,505,149,514,147,521,151,534,152,536,177,523,175,512,171,505,173,490,170,485,171,475,171
366,154,410,154,410,174,366,174
365,203,475,206,474,230,365,227
133,241,139,244,152,250,159,250,168,249,182,242,189,238,193,254,187,258,172,266,159,267,151,267,135,260,129,257
494,242,566,242,566,272,494,272
366,254,431,254,431,275,366,275
466,273,617,268,618,295,467,301
70,281,91,281,91,293,70,293
350,309,617,301,618,325,350,332
214,315,226,311,241,312,250,309,266,313,278,314,289,316,290,330,279,327,264,326,250,322,241,325,225,324,214,328
148,314,168,314,168,333,148,333
350,337,607,326,608,349,350,359
255,342,309,339,310,353,256,357
89,340,230,340,230,361,89,361
347,364,360,364,384,362,412,364,425,364,454,360,467,359,468,378,455,380,425,383,412,383,384,382,361,383,348,384
65,366,253,368,252,391,65,389
351,390,505,384,506,410,352,415
144,393,176,393,176,416,144,416
352,417,490,415,491,440,352,442
108,422,212,422,212,444,108,444
350,450,401,450,401,483,350,483
261,465,296,465,296,483,261,483
507,485,590,485,590,512,507,512
87,500,232,501,232,524,87,522
350,569,381,566,416,565,456,562,506,563,553,575,577,580,572,626,548,620,506,609,455,608,416,611,385,611,354,615
87,574,110,577,139,578,165,581,179,579,216,578,230,575,230,596,216,599,180,600,165,602,139,600,110,599,86,595
