94,150,115,138,140,126,171,124,209,132,231,148,241,158,221,169,210,159,196,147,168,141,149,143,131,151,110,163
405,147,421,138,452,125,480,123,514,131,539,146,556,160,532,169,515,156,500,147,476,141,458,143,439,152,423,161
117,193,136,198,145,199,170,201,186,199,201,193,216,185,227,197,213,205,193,212,170,215,141,213,126,211,107,206
425,185,437,192,454,197,470,201,495,198,509,192,521,186,534,199,522,205,501,213,470,217,447,213,426,206,414,199
75,235,259,231,260,248,76,252
386,233,569,232,570,249,386,251
112,250,223,248,223,265,112,266
422,249,533,249,533,265,422,265
112,358,227,358,227,403,112,403
428,358,545,358,545,403,428,403
5,465,32,465,32,472,5,472
