587,57,593,57,597,57,604,57,609,57,613,80,620,78,624,55,618,57,609,82,605,82,597,80,592,82,584,82
526,64,532,60,535,57,544,57,549,57,555,57,563,60,563,82,556,82,550,80,542,80,537,82,529,82,523,86
30,75,256,75,256,111,30,111
535,89,615,89,615,107,535,107
61,118,90,118,108,115,149,118,172,118,199,118,225,115,225,142,199,144,172,144,149,147,107,142,90,144,62,144
348,147,476,147,476,169,348,169
527,171,620,171,620,200,527,200
412,225,492,207,494,238,414,256
522,231,604,231,604,254,522,254
417,272,436,260,445,256,467,251,481,251,491,249,506,249,512,285,496,285,483,287,469,289,448,294,437,298,418,307
565,269,601,269,601,305,565,305
154,280,259,287,258,365,153,359
435,318,444,323,455,327,469,327,482,321,492,312,500,305,509,330,501,338,485,350,472,356,455,356,442,352,433,347
593,327,604,330,601,448,591,448
289,401,296,396,313,388,330,385,340,390,354,401,363,412,358,437,349,423,335,414,330,412,314,412,302,421,294,425
276,428,378,441,377,479,273,463
66,474,216,479,216,503,65,501
282,477,364,481,364,517,281,512
88,510,190,510,190,537,88,537
64,537,78,537,112,539,129,539,154,539,181,539,200,541,200,564,181,564,154,564,129,561,111,561,78,559,64,559
290,526,299,535,311,544,322,548,334,546,343,541,353,532,359,564,349,573,335,577,322,582,305,577,295,568,285,559
