21,89,56,67,125,35,184,44,231,82,252,152,261,197,236,200,228,156,213,98,175,68,125,60,68,89,33,111
342,98,357,95,383,88,402,84,426,76,451,70,469,64,474,80,455,86,430,92,406,100,387,105,362,111,347,114
347,110,492,82,499,120,354,148
42,101,220,106,219,141,41,136
350,155,515,113,525,153,360,195
30,138,230,141,229,178,29,175
416,178,429,175,434,174,447,170,452,170,465,165,477,162,479,181,467,184,460,186,451,188,438,192,432,193,419,196
377,212,391,208,420,200,451,192,484,183,510,175,537,167,543,188,516,196,490,203,456,213,425,221,397,229,383,233
43,173,54,184,84,214,104,224,121,229,147,234,180,237,180,266,147,263,117,258,93,251,67,237,33,205,22,192
431,333,489,326,491,349,433,356
381,366,544,341,547,364,385,389
65,367,270,367,270,513,65,513
390,392,554,369,560,412,395,435
390,440,575,416,581,461,395,486
456,478,519,471,521,495,458,502
401,508,580,484,583,511,405,536
225,513,257,508,260,524,227,530
