284,60,348,60,348,83,284,83
282,85,349,85,349,109,282,109
464,214,607,214,607,277,464,277
89,226,109,222,147,216,195,217,232,221,265,231,285,237,275,276,256,268,225,260,193,256,149,256,116,261,96,266
90,268,268,276,266,321,88,313
88,320,262,326,261,343,87,336
75,339,262,347,261,363,74,356
353,338,496,343,495,379,352,374
80,359,99,360,131,362,151,363,174,364,200,364,227,364,227,382,200,381,173,381,150,380,130,379,99,378,79,376
352,376,500,383,499,419,351,412
115,384,276,391,275,414,113,407
115,415,202,415,202,426,115,426
348,415,507,419,507,454,347,451
347,464,369,468,401,471,432,475,456,472,488,473,518,469,515,489,485,493,458,492,430,495,401,491,364,488,343,484
