124,96,164,76,233,49,311,40,372,45,441,59,513,80,480,132,408,112,354,101,305,98,256,104,202,126,162,147
282,109,351,109,351,125,282,125
103,104,575,144,557,252,86,212
69,259,112,250,165,241,189,237,240,218,312,215,354,202,354,238,311,251,252,253,207,270,181,276,106,286,63,295
245,244,268,247,319,249,337,248,377,237,403,226,438,206,454,235,419,256,394,266,351,278,320,281,268,279,244,276
415,261,560,261,560,291,415,291
81,297,550,297,550,320,81,320
63,332,550,336,550,365,63,361
66,372,565,369,565,388,66,391
114,390,529,390,529,407,114,407
144,418,168,417,230,417,318,416,405,416,487,416,510,416,510,426,487,426,405,426,318,426,230,427,168,427,144,428
72,426,562,424,563,448,73,450
76,447,93,448,133,447,159,448,193,446,235,447,259,446,258,457,234,458,194,457,160,459,133,457,93,458,76,458
60,455,582,459,582,496,60,491
208,494,428,494,428,509,208,509
461,624,572,624,572,630,461,630
