194,16,240,18,313,19,391,20,498,21,569,19,615,17,615,36,570,38,497,40,391,39,313,38,238,37,194,36
176,48,629,52,629,72,176,68
193,120,436,124,436,157,192,153
147,156,195,152,238,151,308,150,369,152,427,157,474,161,470,193,422,189,365,184,307,183,240,184,198,184,150,188
222,179,389,181,389,205,221,203
23,249,120,235,164,397,67,412
452,265,529,265,529,281,452,281
377,288,565,288,565,308,377,308
347,310,356,310,372,312,378,311,388,312,393,327,403,330,408,316,398,314,385,326,380,324,368,325,356,324,346,324
410,312,489,315,488,332,409,329
413,339,496,339,496,356,413,356
397,360,466,360,466,379,397,379
407,386,493,388,492,405,407,403
314,428,457,435,455,456,312,449
293,456,406,461,404,480,291,475
290,479,441,486,439,505,289,498
373,512,437,512,437,528,373,528
1,568,66,572,64,588,0,584
12,604,61,604,61,620,12,620
