8,14,196,20,196,93,8,86
109,132,124,126,136,126,150,119,167,119,185,126,198,132,196,156,183,151,166,143,151,143,136,149,124,149,109,156
230,138,250,135,303,121,354,126,411,130,468,121,487,119,487,145,468,146,412,156,353,151,303,146,250,160,231,163
239,241,424,241,424,365,239,365
164,301,178,301,178,329,164,329
324,428,341,428,341,450,324,450
164,430,179,430,179,461,164,461
198,553,208,548,225,543,242,542,262,545,275,551,286,558,284,583,274,576,261,570,241,567,226,569,210,573,199,578
300,561,320,561,359,565,404,558,448,545,487,545,506,540,506,565,486,570,449,570,405,583,359,591,320,586,300,586
126,550,133,550,149,554,154,553,163,554,175,551,186,550,186,581,176,583,166,586,154,584,146,586,133,581,126,581
