419,144,425,142,433,141,444,139,450,141,463,141,470,144,467,152,459,149,450,149,444,148,436,149,426,151,421,152
421,153,475,153,475,177,421,177
183,170,191,170,200,171,210,171,222,171,229,172,237,172,238,180,230,180,222,179,209,180,199,179,191,178,183,178
463,176,483,176,483,188,463,188
414,176,438,176,438,188,414,188
233,187,251,187,285,192,325,189,365,187,390,188,425,187,422,208,387,208,365,208,328,209,283,212,248,208,229,207
207,212,450,213,450,230,207,229
236,232,256,231,297,230,338,231,366,232,391,232,418,232,417,244,391,243,366,243,337,242,297,241,256,242,237,243
221,260,233,260,251,260,265,260,278,260,291,260,304,260,303,272,291,272,278,272,265,272,251,272,232,272,220,273
342,260,440,262,440,273,342,272
