585,11,622,9,625,26,586,28
428,16,495,16,495,32,428,32
374,42,388,43,423,43,448,43,472,41,495,38,523,35,526,51,499,54,475,56,449,59,423,58,388,58,373,57
110,81,150,74,223,61,319,58,361,60,440,70,479,78,473,94,433,87,358,77,318,75,226,78,155,90,116,98
215,92,386,92,386,104,215,104
277,475,331,475,331,480,277,480
207,490,396,490,396,498,207,498
288,502,309,502,309,507,288,507
175,510,439,509,439,525,175,526
279,529,330,529,330,536,279,536
247,538,370,538,370,552,247,552
510,542,562,542,562,547,510,547
51,545,113,545,113,550,51,550
282,562,327,562,327,569,282,569
201,571,399,570,399,577,202,579
413,576,489,576,489,582,413,582
102,578,194,578,194,584,102,584
