443,6,461,6,481,6,495,7,521,11,536,15,553,20,547,38,531,33,514,28,493,25,481,25,461,24,443,25
175,118,205,112,251,106,303,102,360,105,416,113,446,118,441,130,412,125,358,118,303,115,253,119,209,124,180,131
192,148,445,148,445,163,192,163
424,195,514,193,515,207,425,210
466,222,514,224,513,234,465,232
211,418,401,417,402,425,211,426
166,433,195,433,250,432,310,432,353,432,416,431,448,431,447,444,415,445,353,445,310,445,251,445,195,446,166,446
295,449,328,449,328,454,295,454
219,457,406,457,406,478,219,478
437,468,492,468,492,474,437,474
121,473,178,470,178,476,121,478
301,483,318,483,318,489,301,489
180,496,199,496,255,496,320,495,366,495,410,494,430,494,429,502,410,502,366,502,320,502,255,503,199,503,180,504
228,513,257,512,281,511,311,510,346,512,375,510,405,511,405,524,375,523,345,524,311,523,281,524,257,524,228,526
244,529,378,529,378,536,244,536
189,538,435,539,435,547,189,546
371,549,442,548,442,552,371,553
195,550,300,550,300,554,195,554
