16,32,98,30,98,51,16,52
203,34,216,37,235,39,254,41,273,42,298,40,312,40,313,60,300,60,272,62,252,61,232,59,213,57,200,54
408,45,421,47,440,49,458,51,473,51,497,50,511,50,511,70,498,70,472,71,456,71,437,69,417,67,404,65
603,58,636,58,636,76,603,76
253,133,271,133,271,138,253,138
220,149,246,149,246,155,220,155
438,154,465,154,465,160,438,160
228,166,249,166,249,172,228,172
32,218,60,218,60,224,32,224
446,229,481,229,481,235,446,235
53,238,78,238,78,244,53,244
14,242,34,242,34,248,14,248
471,249,493,249,493,254,471,254
427,252,454,252,454,258,427,258
12,261,44,261,44,267,12,267
432,270,463,271,463,278,431,276
27,276,65,277,65,283,26,281
446,284,481,284,481,290,446,290
460,373,481,373,481,379,460,379
12,387,38,387,38,393,12,393
241,390,266,390,266,395,241,395
433,389,455,389,455,395,433,395
26,406,47,406,47,411,26,411
443,407,463,407,463,412,443,412
31,428,54,428,54,434,31,434
448,428,469,428,469,433,448,433
269,468,308,468,308,474,269,474
257,492,283,492,283,497,257,497
267,510,299,510,299,516,267,516
446,592,540,587,542,608,448,613
244,594,262,596,279,597,298,598,314,597,337,594,350,592,356,611,343,614,314,617,298,618,278,617,261,617,242,614
36,600,49,601,72,601,91,602,107,602,134,599,147,597,151,617,138,618,108,621,91,622,71,621,48,621,35,620
