209,51,229,45,277,36,318,33,356,36,401,47,440,58,436,94,396,83,354,73,318,70,279,73,232,82,212,88
78,118,115,106,233,88,300,77,390,85,479,112,515,125,515,161,478,148,386,120,300,113,237,123,115,141,78,154
218,144,237,137,277,129,327,125,352,129,412,146,431,153,429,172,409,164,351,148,327,144,278,148,239,156,220,162
288,165,361,167,361,186,288,184
303,187,339,187,339,203,303,203
270,407,276,413,267,436,261,430
234,478,252,469,282,458,312,453,349,457,376,467,396,476,392,493,373,485,347,475,312,472,283,476,255,486,238,495
78,517,100,516,148,518,178,517,222,519,255,518,277,518,276,539,254,540,222,540,178,538,148,539,100,538,78,538
351,520,370,520,410,521,460,521,498,525,538,524,558,525,558,543,538,543,497,544,460,540,410,540,370,539,350,539
576,606,604,606,604,614,576,614
