504,57,555,60,554,70,502,67
459,76,600,80,599,102,457,98
443,104,462,102,498,100,519,100,552,101,580,103,602,105,600,113,578,111,552,110,519,108,498,109,463,110,444,112
60,120,311,125,309,155,58,150
58,161,478,169,477,180,57,172
106,177,128,177,197,179,293,181,346,181,442,184,465,184,464,192,442,192,346,190,292,190,196,188,128,186,105,185
79,188,108,189,230,194,299,193,366,194,474,195,504,195,503,206,474,206,366,205,298,205,229,205,108,200,79,199
77,203,102,203,240,207,296,207,394,208,496,209,522,209,522,218,496,218,394,217,295,217,240,217,102,213,77,213
80,217,105,217,206,219,300,221,430,222,502,222,528,222,528,231,502,231,430,231,300,231,206,229,105,227,80,226
99,231,125,231,243,232,317,233,423,234,508,235,534,235,534,245,508,245,423,243,316,242,243,242,125,241,99,241
81,243,108,243,206,245,312,247,411,247,540,248,566,248,565,257,540,258,411,257,312,257,206,254,107,253,81,252
80,258,105,258,245,259,339,261,418,261,507,260,532,260,532,270,507,270,418,271,339,271,245,269,105,268,80,268
82,562,114,562,114,572,82,572
