50,73,105,59,220,34,295,27,405,23,521,32,578,37,571,75,513,70,407,62,296,66,228,72,121,96,65,110
210,89,226,89,295,90,324,90,371,90,421,90,437,89,437,96,421,97,371,97,324,97,295,97,226,96,210,96
183,100,409,101,409,110,183,109
230,112,246,111,284,111,326,111,387,112,417,112,433,112,433,119,417,119,387,119,326,118,283,117,246,118,229,118
72,119,82,119,82,125,72,125
86,119,93,119,93,125,86,125
200,121,220,121,264,121,304,121,346,121,388,121,407,121,407,129,388,129,346,129,304,129,264,129,220,129,200,128
62,126,100,126,100,133,62,133
208,131,414,132,414,141,208,140
65,134,100,134,100,141,65,141
502,139,560,139,560,145,502,145
193,143,209,143,251,143,294,143,329,144,359,142,376,142,375,149,359,150,329,151,294,150,251,150,209,150,193,150
507,146,565,146,565,153,507,153
512,154,573,154,573,161,512,161
160,244,193,257,245,277,288,295,325,311,351,319,406,335,376,367,321,351,299,346,261,329,221,313,172,294,139,281
405,280,493,280,493,288,405,288
448,290,515,290,515,297,448,297
203,381,243,381,243,388,203,388
196,388,250,388,250,396,196,396
489,396,526,396,526,403,489,403
208,397,239,397,239,404,208,404
491,404,523,404,523,411,491,411
474,412,539,412,539,419,474,419
486,419,528,419,528,426,486,426
53,440,160,440,160,448,53,448
69,449,151,449,151,456,69,456
94,538,105,534,118,531,140,523,157,517,173,511,184,507,191,518,180,522,164,529,146,535,126,542,112,546,100,549
116,550,190,525,195,533,120,558
41,585,100,568,155,554,221,543,285,533,351,531,414,527,412,570,349,574,293,575,234,585,169,596,116,610,56,627
99,553,116,553,116,562,99,562
170,605,206,596,252,586,303,581,358,576,408,576,450,576,450,594,408,595,358,594,307,600,257,604,211,614,175,623
