174,94,331,92,332,126,175,129
82,175,373,175,373,222,82,222
185,271,422,273,421,304,184,301
208,312,228,312,252,312,286,313,314,313,338,313,358,313,358,323,338,323,313,322,286,322,251,322,228,322,208,322
174,322,198,325,250,330,292,332,317,331,359,327,397,321,401,339,364,344,319,349,292,350,248,348,194,343,170,340
228,359,324,359,324,367,228,367
180,355,203,363,232,369,277,376,322,373,373,363,396,356,395,367,372,374,326,384,277,387,229,380,203,374,180,366
220,396,367,396,367,407,220,407
116,412,462,414,461,429,116,427
273,429,295,429,295,435,273,435
181,438,198,439,237,439,279,439,330,439,358,439,375,438,375,446,358,446,330,447,279,447,237,446,198,446,181,446
91,455,127,455,127,461,91,461
163,453,431,453,431,473,163,473
91,462,123,462,123,468,91,468
225,490,240,484,256,479,273,477,296,477,322,482,335,485,331,494,318,491,295,487,274,487,259,488,244,493,228,500
116,496,462,499,461,516,116,513
182,520,208,519,253,520,282,519,328,519,365,522,391,523,391,536,365,534,328,532,281,532,254,533,208,532,182,533
58,522,153,522,153,529,58,529
427,523,512,523,512,530,427,530
69,529,134,529,134,534,69,534
436,530,498,530,498,535,436,535
262,537,318,537,318,549,262,549
