216,103,243,95,274,89,314,84,369,88,394,92,426,101,417,117,385,109,364,104,313,101,279,106,252,111,225,119
297,131,346,131,346,143,297,143
167,174,567,184,561,310,160,299
225,371,236,375,263,383,282,387,308,389,327,389,345,389,346,406,328,407,306,406,277,404,255,400,225,390,213,386
356,388,372,385,378,384,392,382,407,377,417,375,427,372,436,386,425,389,413,392,402,395,383,399,375,401,360,403
277,420,369,420,369,425,277,425
153,430,476,420,480,478,157,488
164,513,182,508,204,501,235,493,251,490,276,486,299,482,301,492,277,496,255,500,240,503,210,511,187,517,170,522
339,484,357,487,380,491,403,496,426,503,451,509,468,514,462,523,445,518,421,512,399,505,376,500,355,497,337,493
242,505,275,505,275,510,242,510
297,519,365,519,365,550,297,550
252,563,387,562,388,569,252,571
