56,200,91,194,125,189,156,188,201,191,236,197,266,204,259,225,229,217,197,211,156,209,129,210,97,214,62,220
381,207,414,199,447,194,475,191,521,194,557,201,585,207,577,227,550,220,517,214,475,212,451,213,420,218,387,226
137,222,174,222,174,239,137,239
455,225,493,225,493,243,455,243
67,251,83,252,94,253,104,252,118,251,137,252,146,251,145,262,136,262,118,261,105,263,94,263,84,262,68,261
182,252,191,252,204,252,222,252,235,254,245,253,254,254,255,264,246,263,234,264,222,262,203,262,191,262,183,262
388,256,463,254,463,265,389,267
498,254,508,254,521,254,534,256,553,256,564,256,571,256,572,267,565,267,551,268,534,267,519,266,508,266,498,266
128,276,138,279,151,283,162,283,177,282,190,280,197,278,201,289,193,290,179,293,161,295,148,294,134,290,125,287
446,279,456,282,466,286,478,286,495,285,505,283,515,280,519,291,509,294,497,296,477,298,464,297,451,293,441,290
110,323,219,323,219,339,110,339
426,326,533,326,533,342,426,342
76,525,94,525,125,525,158,525,191,525,221,525,240,525,240,533,221,533,191,533,158,533,125,533,94,533,76,533
65,534,83,534,119,534,158,534,194,534,233,534,251,534,251,542,233,542,194,542,158,542,119,542,83,542,65,542
49,542,70,542,115,542,156,543,221,542,257,542,278,542,278,551,257,551,221,551,156,552,115,551,70,551,49,551
75,552,254,552,254,560,75,560
392,552,549,551,550,564,392,566
72,561,257,561,257,568,72,568
46,568,64,569,111,569,154,569,211,569,263,569,281,569,281,576,263,577,211,577,154,577,111,576,64,576,45,576
