115,12,270,-8,274,18,118,38
163,55,201,43,267,36,347,10,424,10,499,8,539,12,541,35,501,31,424,33,351,33,271,59,204,66,166,77
360,76,386,79,413,82,455,81,473,79,510,75,536,71,540,87,514,91,475,96,455,97,413,98,383,96,357,93
114,106,139,107,184,107,232,104,277,94,308,89,347,79,349,101,310,111,283,116,234,126,186,129,140,129,114,128
551,107,638,94,641,116,554,129
613,116,638,116,638,134,613,134
355,125,599,117,601,165,357,174
125,156,147,155,190,155,231,151,268,148,309,141,338,136,341,152,312,158,271,164,232,168,190,171,147,172,125,172
26,177,55,178,140,174,220,176,288,169,348,156,377,149,380,166,351,173,290,186,220,193,140,191,55,195,25,194
169,225,201,222,269,217,367,201,462,197,544,180,576,175,581,194,549,199,465,216,369,220,271,236,201,241,168,244
568,196,638,181,641,195,571,210
0,198,195,196,196,214,0,216
564,217,572,214,585,211,591,208,602,205,613,202,623,200,626,210,616,212,604,215,595,218,587,221,574,224,567,227
20,253,50,253,161,257,287,238,375,227,463,222,492,219,495,236,466,239,377,244,288,255,164,274,49,270,20,271
226,259,256,259,328,261,382,252,435,250,505,229,534,224,539,240,510,246,438,267,384,269,328,278,255,276,225,276
9,237,35,238,58,237,102,240,140,240,173,240,193,240,193,254,173,254,140,255,101,254,58,252,35,252,9,252
0,245,58,261,162,277,250,284,332,281,427,261,501,245,514,288,439,303,338,325,249,328,158,321,53,304,-5,289
592,289,600,287,604,287,613,283,624,281,630,279,640,275,644,289,633,293,627,295,617,298,608,300,602,301,594,303
504,313,512,309,522,305,534,301,545,300,560,295,572,292,576,309,564,312,551,316,538,318,527,322,518,326,510,329
547,325,556,322,573,317,588,311,602,308,616,304,631,301,634,314,619,317,605,321,593,324,576,330,560,335,551,338
527,354,541,350,559,346,582,337,594,334,621,328,632,326,635,341,625,343,597,349,586,352,564,360,544,364,530,368
510,329,538,329,538,348,510,348
118,344,261,344,261,366,118,366
557,382,568,374,577,368,591,362,606,357,620,354,631,351,635,366,625,368,608,372,596,376,585,381,573,388,561,396
75,359,200,370,198,393,73,382
0,369,53,371,53,385,0,382
244,428,262,409,284,395,304,384,332,373,366,373,392,372,391,387,364,389,334,388,310,398,293,407,269,423,251,442
582,391,593,388,599,386,607,383,618,378,624,377,634,374,642,386,631,389,621,392,613,395,604,400,595,402,585,406
0,392,142,392,142,432,0,432
433,400,473,434,383,541,343,507
363,426,392,413,401,432,371,445
101,390,159,442,44,569,-12,517
190,472,210,472,210,505,190,505
66,529,74,525,90,516,105,507,126,490,136,486,152,477,162,490,146,499,135,504,114,521,98,531,82,540,74,544
96,566,119,563,133,560,153,552,165,543,181,526,195,508,211,518,197,536,179,555,161,568,138,578,122,582,99,584
305,580,313,576,320,573,334,568,346,561,353,557,363,550,373,564,363,570,352,576,341,583,328,588,321,592,313,595
414,613,430,609,455,587,482,583,509,575,527,565,554,557,565,585,538,594,521,603,485,613,474,611,446,635,431,639
329,589,361,589,361,614,329,614
57,620,69,614,82,606,108,598,124,592,137,589,156,584,167,609,148,613,131,618,114,624,94,630,79,639,67,645
179,629,194,619,208,611,227,607,250,599,262,596,279,592,286,616,269,620,256,623,234,630,217,634,206,641,191,650
286,610,313,610,313,634,286,634
