150,76,168,74,193,73,222,73,244,72,268,76,290,79,288,108,265,105,244,102,222,102,193,103,168,104,150,106
52,102,66,105,78,106,95,109,110,108,124,106,141,102,141,124,124,129,110,130,95,132,78,128,66,128,52,125
182,106,258,106,258,130,182,130
284,106,388,108,387,134,284,132
77,163,99,166,177,165,251,166,297,165,391,153,413,152,415,171,393,172,296,184,251,185,177,184,99,185,77,183
180,138,194,139,204,141,219,138,235,138,249,139,257,140,258,163,250,162,235,161,220,161,204,164,194,162,180,161
94,144,153,144,153,160,94,160
284,145,296,144,307,143,319,143,327,145,341,146,349,147,348,164,340,163,326,162,319,160,307,160,296,161,283,162
185,194,256,194,256,215,185,215
193,461,202,464,211,465,219,463,222,459,230,454,241,442,250,457,239,469,231,476,221,483,212,485,200,484,192,482
