289,96,327,96,327,112,289,112
178,222,223,217,254,215,312,215,361,218,391,221,435,228,422,248,378,241,354,238,310,235,257,236,232,238,187,242
207,241,230,240,279,235,316,237,353,240,380,242,402,246,398,253,375,250,351,246,315,244,280,242,233,247,210,248
214,270,243,267,281,263,320,263,354,267,385,271,413,277,404,307,376,301,344,296,317,293,288,293,248,297,220,301
259,299,272,300,291,301,311,302,334,302,346,302,363,303,361,315,344,315,333,315,309,314,289,313,273,312,261,311
150,324,203,319,247,317,308,316,354,318,410,324,448,329,426,368,389,363,342,357,306,356,252,357,218,359,164,363
248,355,362,355,362,390,248,390
179,402,214,400,262,398,312,400,343,400,395,404,435,406,427,419,387,418,340,413,311,414,263,412,218,414,182,416
232,416,251,416,279,415,315,417,338,417,366,419,391,420,384,433,360,433,334,431,313,430,278,429,252,430,233,430
236,455,255,455,287,455,302,455,328,455,354,457,377,458,373,471,349,471,327,469,300,469,286,469,255,469,236,469
