18,209,503,-59,530,124,45,392
240,16,296,16,296,35,240,35
534,118,552,118,552,130,534,130
131,135,160,135,160,154,131,154
438,183,443,181,454,183,461,181,472,185,478,185,487,185,487,209,478,206,472,206,459,204,454,204,442,204,437,204
506,308,512,289,517,266,534,247,552,234,558,217,572,202,581,213,567,228,557,249,538,264,525,278,521,297,515,316
390,221,448,221,448,240,390,240
286,253,357,253,357,280,286,280
366,272,421,272,421,291,366,291
391,299,437,293,439,327,392,335
336,304,378,304,378,321,336,321
260,312,331,312,331,399,260,399
0,354,34,354,34,371,0,371
377,492,389,511,402,530,420,540,430,540,445,536,466,525,474,559,452,570,431,576,418,576,394,563,377,540,365,521
485,540,498,519,543,625,530,646
