445,81,457,80,477,78,493,83,507,94,514,103,521,117,508,121,501,106,496,100,486,93,476,88,459,91,447,93
430,88,445,93,430,130,416,126
182,149,403,145,404,185,184,189
272,193,335,193,335,200,272,200
185,215,223,218,260,219,328,219,355,216,404,215,448,210,447,234,403,239,360,240,328,244,260,243,224,242,185,239
205,251,234,251,267,253,312,248,353,244,391,242,430,239,430,261,391,264,354,266,314,270,270,275,233,273,204,272
209,280,428,270,430,292,210,302
206,311,430,298,432,319,208,331
233,413,458,405,459,441,236,448
302,448,390,441,391,449,304,455
228,474,262,475,296,475,352,474,380,469,421,465,459,458,460,477,423,484,384,488,355,493,296,494,263,494,229,493
265,501,428,487,430,505,267,519
508,504,571,500,571,511,509,516
258,526,279,525,318,525,348,519,380,515,408,514,437,512,439,527,411,529,382,530,350,534,320,540,279,540,259,542
277,544,301,545,330,545,342,545,367,538,391,537,413,532,416,549,394,554,369,555,347,561,330,562,301,562,279,561
77,541,84,541,100,542,115,540,126,539,142,538,153,536,155,549,144,550,127,552,116,552,101,554,83,553,75,553
