85,103,111,87,171,59,224,47,272,42,338,55,365,61,360,81,333,75,271,62,225,68,174,79,118,106,92,121
333,133,345,136,357,139,365,141,376,145,388,148,399,151,397,161,386,158,375,155,363,152,355,150,344,146,331,143
96,174,102,172,115,167,128,161,140,158,158,149,164,147,167,161,161,163,144,171,130,176,119,181,105,186,99,188
346,148,354,149,361,150,368,152,375,156,385,159,389,161,387,172,383,170,373,167,366,164,359,161,352,160,344,159
436,257,600,135,623,188,458,311
96,189,107,184,119,179,128,175,142,169,156,164,167,160,169,171,159,175,144,180,131,186,122,190,109,196,99,200
217,184,223,180,230,178,232,176,240,173,247,171,253,170,257,186,250,188,243,189,237,192,232,195,224,197,218,202
361,276,449,313,441,348,352,311
126,291,164,326,92,469,54,434
311,301,454,343,447,383,304,340
220,350,229,355,237,361,243,366,249,373,259,381,266,388,254,407,246,399,240,394,233,386,228,383,220,377,212,372
347,364,414,374,412,393,345,383
304,370,323,374,354,380,379,384,404,389,441,396,458,399,456,416,440,413,402,406,377,401,353,397,321,391,302,388
140,380,159,398,94,520,75,502
240,445,244,446,247,448,252,447,256,449,265,451,269,453,265,462,261,460,256,459,251,458,247,458,242,456,238,455
343,465,398,472,397,482,342,475
358,485,402,489,400,515,356,511
28,503,54,505,53,515,27,513
30,512,34,512,36,512,40,512,43,512,45,523,49,524,52,514,48,513,42,522,40,522,36,522,33,522,29,522
46,525,56,525,56,533,46,533
308,541,396,544,395,587,307,584
422,560,449,594,437,612,409,578
132,631,143,621,165,603,182,592,201,583,220,575,230,572,234,591,224,594,206,601,188,609,172,619,152,637,141,647
