254,37,263,35,281,29,299,26,315,25,329,25,342,25,341,34,328,33,316,33,301,35,286,37,270,42,261,45
348,29,354,31,367,35,381,42,390,49,396,54,400,61,393,64,388,57,383,52,375,46,362,40,351,37,345,35
273,77,358,75,359,89,274,91
185,151,216,151,254,150,313,150,355,149,400,149,431,148,431,160,400,160,356,161,313,162,255,162,217,162,186,163
123,168,154,168,240,168,316,168,389,167,508,167,539,166,539,178,508,178,389,178,316,179,240,180,155,180,124,180
98,184,129,183,213,182,295,182,406,182,515,182,547,182,547,193,516,193,406,193,295,193,213,193,130,195,98,195
118,198,150,197,213,196,300,196,386,195,487,196,518,196,518,207,487,207,386,206,300,207,213,208,150,208,119,209
130,212,158,212,221,211,300,211,399,209,481,211,508,211,508,221,481,221,399,219,300,221,221,221,158,222,131,222
95,226,123,225,208,225,330,223,394,223,493,223,521,224,521,234,493,234,394,234,330,234,209,235,123,235,96,236
67,240,94,239,143,239,178,238,228,238,259,238,290,238,289,249,258,249,229,249,178,249,144,249,94,250,67,251
105,257,132,257,229,256,308,256,400,255,478,256,505,256,505,265,478,265,400,265,308,266,229,265,133,266,105,266
89,271,120,270,207,270,333,269,386,269,495,269,526,269,526,280,495,280,386,280,334,280,207,280,120,281,89,281
92,285,120,285,220,284,327,285,387,285,481,283,508,283,508,293,481,293,387,295,327,294,220,294,120,295,93,295
68,298,566,298,566,309,68,309
69,312,517,312,517,323,69,323
82,330,568,330,568,341,82,341
97,345,125,345,213,345,337,345,430,345,493,346,521,346,521,356,493,356,430,355,337,355,213,355,125,355,97,355
68,359,568,359,568,370,68,370
69,373,569,373,569,385,69,385
68,389,565,387,565,399,68,400
66,403,568,403,568,414,66,414
86,418,114,418,212,418,299,419,410,419,484,418,511,418,511,428,484,428,410,429,299,429,212,429,113,428,86,428
66,431,568,434,568,446,66,443
68,445,570,448,569,461,67,458
66,461,184,462,183,474,66,472
95,479,126,479,231,479,308,480,397,480,485,481,517,481,517,492,485,492,397,491,308,491,231,490,126,490,95,490
84,494,115,494,224,495,299,495,408,495,504,495,536,495,536,506,504,506,408,506,299,506,224,505,115,505,84,505
65,506,225,509,225,521,64,518
533,522,558,522,558,529,533,529
