21,179,596,171,599,342,24,351
57,391,204,392,204,423,57,421
476,399,555,399,555,421,476,421
156,440,432,440,432,454,156,454
223,454,365,454,365,467,223,467
158,466,432,466,432,480,158,480
193,480,212,480,252,480,292,480,323,480,363,482,383,482,383,494,363,493,323,491,292,491,252,491,212,491,193,491
167,492,423,492,423,504,167,504
104,501,142,501,142,522,104,522
453,501,492,501,492,522,453,522
186,504,205,504,249,504,288,505,328,504,370,504,390,504,390,515,370,515,328,515,288,516,249,515,205,515,186,515
218,513,369,513,369,536,218,536
167,535,422,535,422,545,167,545
367,571,464,571,464,585,367,585
