192,70,340,46,343,84,195,107
270,88,321,88,321,100,270,100
459,291,527,284,528,296,460,303
567,290,585,304,553,382,534,369
627,313,640,326,617,368,604,356
381,396,389,376,405,346,431,325,451,323,470,325,496,336,491,360,466,350,449,348,436,349,418,364,405,388,397,408
202,376,330,364,331,383,204,396
142,409,372,383,374,417,144,443
179,440,340,418,342,451,181,473
615,420,618,427,619,432,625,439,632,441,641,449,651,450,641,457,632,456,628,456,619,451,612,443,608,434,605,427
405,457,419,472,435,484,456,490,468,485,486,472,502,456,511,471,496,487,473,503,456,510,430,503,410,488,397,474
416,563,425,563,425,579,416,579
