70,22,84,23,81,263,67,261
355,20,381,20,381,619,355,619
424,49,463,34,486,589,447,604
499,41,517,41,516,600,498,600
571,51,586,51,586,600,571,600
102,194,127,172,184,162,224,118,257,77,304,75,338,45,332,113,298,143,263,145,233,183,189,232,122,242,97,263
526,69,543,69,543,576,526,576
587,69,602,69,602,594,587,594
144,92,152,88,163,85,173,84,185,90,196,97,203,103,200,147,193,140,183,133,172,128,161,130,152,132,145,136
555,118,570,118,570,549,555,549
467,133,480,143,470,291,456,282
386,146,411,146,411,494,386,494
233,166,239,172,250,183,265,193,275,196,283,194,295,190,297,228,285,232,275,236,263,231,247,219,235,209,228,201
512,258,529,258,529,374,512,374
546,292,553,292,553,335,546,335
141,310,295,310,295,368,141,368
439,335,456,335,456,518,439,518
66,349,81,350,79,623,65,622
107,387,333,391,333,445,106,440
115,536,328,536,328,589,115,589
