118,61,334,-5,346,28,130,97
329,71,345,52,380,20,413,8,451,12,501,44,519,59,502,76,484,62,442,36,414,33,391,42,364,67,348,87
389,55,488,55,488,110,389,110
362,113,490,113,490,142,362,142
244,212,422,214,421,254,244,253
290,260,381,260,381,296,290,296
132,300,521,300,521,373,132,373
226,452,424,452,424,474,226,474
236,492,413,492,413,516,236,516
152,522,500,519,500,542,153,546
249,550,401,550,401,571,249,571
210,578,440,576,440,598,210,600
188,603,221,603,270,603,323,604,380,602,432,602,457,601,456,625,432,625,380,625,323,627,270,626,222,626,188,626
