45,18,588,18,588,31,45,31
178,33,457,33,457,44,178,44
133,270,176,260,246,247,321,243,387,247,453,259,494,269,467,320,424,309,376,300,324,296,263,300,198,311,155,321
168,323,194,314,250,300,310,294,367,298,419,308,445,315,438,324,412,317,364,307,310,305,254,309,201,323,174,333
-5,495,22,491,75,484,130,482,181,478,208,478,248,478,250,493,211,493,184,493,131,495,76,499,26,506,-1,509
384,473,637,489,634,506,381,490
423,501,453,503,482,506,529,508,579,515,605,515,634,517,631,538,601,536,572,535,525,528,480,526,449,523,419,522
-6,522,21,518,53,515,103,510,125,509,172,504,209,502,209,523,173,524,131,529,103,530,61,534,24,539,-4,542
229,513,246,515,275,521,290,521,322,523,336,522,360,520,361,531,337,533,321,534,290,532,271,532,243,526,227,523
1,554,644,552,645,575,1,577
242,612,271,610,295,610,313,609,349,610,365,610,391,611,391,624,365,623,349,623,311,623,297,623,271,623,242,626
