227,60,239,75,254,92,266,98,282,100,298,100,325,96,332,119,304,123,283,125,263,122,245,114,226,94,214,78
156,163,383,171,382,208,155,199
129,208,401,210,400,246,128,244
60,270,442,266,443,287,61,290
73,298,97,297,194,293,238,291,337,288,394,286,419,285,419,303,395,304,337,306,238,310,194,311,98,315,73,316
58,321,442,305,443,326,59,343
59,348,441,323,442,344,60,369
85,375,109,373,180,365,251,361,318,353,399,347,424,345,425,362,400,365,319,371,252,378,181,383,110,390,86,392
57,400,440,363,441,383,59,421
57,426,440,383,442,407,59,450
57,451,437,400,438,420,59,472
58,476,437,421,439,441,60,496
78,498,102,495,161,485,238,473,319,459,378,450,402,446,404,464,379,468,321,476,240,490,163,503,104,513,80,516
56,526,435,458,438,478,58,547
206,524,232,519,233,528,207,533
