275,49,601,49,601,90,275,90
278,125,565,125,565,147,278,147
277,154,500,154,500,177,277,177
277,185,565,185,565,205,277,205
361,325,381,314,408,306,440,299,471,300,507,311,529,318,524,329,503,323,469,312,440,311,411,317,387,326,365,337
298,423,330,388,403,325,449,316,499,325,568,392,599,427,563,455,532,419,478,365,449,361,421,365,364,418,332,452
420,363,494,363,494,427,420,427
51,375,171,375,171,401,51,401
49,403,68,405,82,406,100,407,113,405,137,406,147,404,148,423,137,425,113,424,101,426,81,425,67,424,49,422
52,428,210,428,210,449,52,449
286,466,305,457,355,564,337,572
595,455,612,462,574,556,556,550
325,462,364,465,364,475,324,473
560,465,578,465,578,471,560,471
390,477,514,477,514,497,390,497
340,497,564,494,564,506,341,508
61,500,87,500,87,508,61,508
376,509,529,509,529,524,376,524
422,524,483,524,483,534,422,534
482,538,531,535,532,547,483,549
393,541,422,541,422,551,393,551
377,549,530,545,530,566,377,569
370,573,391,582,414,588,456,593,487,588,523,573,544,564,550,573,530,584,491,599,457,604,412,600,385,593,363,584
