215,82,238,79,284,75,350,73,391,75,421,78,447,82,444,92,418,89,390,86,350,84,285,86,240,90,218,93
490,137,501,137,515,139,534,139,547,140,566,141,574,141,573,153,565,153,545,152,535,151,513,150,499,149,489,148
125,509,148,509,238,510,333,510,396,512,503,513,526,513,526,523,503,523,396,522,333,521,238,521,148,520,125,520
284,524,378,524,378,534,284,534
182,524,193,526,203,526,217,526,230,526,240,528,252,529,247,540,235,539,229,538,218,539,201,539,193,538,181,537
425,527,435,528,446,529,457,530,467,529,481,530,491,529,487,538,478,539,466,539,457,539,444,538,435,538,425,536
111,540,131,540,180,541,209,541,247,542,287,542,313,542,312,553,287,553,247,554,209,553,180,553,131,552,111,551
360,545,381,545,426,545,453,544,481,544,520,545,543,546,542,555,520,555,481,554,453,554,427,554,380,554,360,555
260,557,402,557,402,569,260,569
149,563,191,563,191,568,149,568
472,565,513,565,513,570,472,570
297,568,326,568,326,574,297,574
246,569,272,569,272,572,246,572
328,569,357,570,357,574,327,573
362,571,416,571,416,574,362,574
