184,254,206,222,253,174,290,155,364,152,418,176,456,199,442,219,404,197,361,177,296,179,267,195,226,237,205,269
351,269,485,225,495,256,361,300
132,300,155,294,190,288,230,275,272,257,300,251,338,237,341,264,303,277,280,283,240,299,199,313,160,321,136,326
328,388,347,380,379,363,391,354,415,326,427,305,436,286,455,296,446,315,432,338,406,370,391,381,354,400,335,407
193,336,207,329,219,353,205,360
297,346,303,345,310,344,314,343,321,343,327,342,335,342,337,354,329,354,322,354,315,354,312,355,303,356,298,358
220,350,227,358,238,367,251,376,273,385,284,387,302,389,301,408,283,406,266,403,244,394,228,384,214,371,207,364
450,371,487,367,489,382,452,386
435,414,607,398,609,420,437,436
466,433,573,424,573,434,466,443
484,442,553,437,553,446,485,450
169,489,450,468,451,485,171,506
