211,93,233,93,273,93,308,93,345,89,388,86,412,84,412,102,387,105,346,108,308,111,273,112,234,112,212,112
315,131,320,131,328,131,335,132,342,135,348,141,355,147,351,153,344,146,339,141,334,139,329,138,321,138,316,138
424,152,514,146,515,178,426,183
354,163,360,163,360,182,354,182
122,166,247,160,248,191,122,198
366,177,400,177,400,190,366,190
254,181,286,181,286,198,254,198
202,269,443,256,444,290,203,303
316,318,336,318,336,333,316,333
198,346,206,345,223,345,229,344,243,343,254,340,266,336,266,350,253,354,244,357,230,358,223,360,206,360,198,361
158,347,178,347,178,362,158,362
272,456,455,434,456,457,273,477
208,457,246,457,246,475,208,475
106,477,117,475,129,475,141,473,154,472,167,470,176,470,175,483,166,484,155,485,142,486,129,489,117,489,106,491
