140,253,157,253,157,265,140,265
90,319,109,295,132,273,160,270,183,280,198,308,210,332,189,360,177,336,162,309,150,308,141,311,130,324,112,347
504,310,508,310,510,311,514,311,517,310,519,311,523,310,526,319,522,320,516,320,514,321,510,321,507,320,503,320
321,318,341,318,341,331,321,331
440,410,460,362,470,345,507,316,531,317,562,358,585,390,551,426,528,394,512,369,517,372,502,383,489,404,470,452
264,412,280,378,298,349,333,332,362,344,379,373,396,412,371,441,354,402,342,380,337,375,317,384,305,407,289,441
121,365,133,372,139,375,151,377,159,376,170,371,182,364,189,385,177,392,163,398,153,400,135,397,128,394,115,386
118,417,186,417,186,430,118,430
482,418,495,425,503,430,513,430,522,431,531,426,543,420,551,441,539,446,528,453,511,453,501,452,490,447,477,440
100,429,122,431,141,432,156,432,179,430,201,428,220,424,221,443,202,447,180,450,156,451,141,451,121,450,99,447
300,432,313,439,320,442,335,444,341,443,350,438,362,431,369,452,357,459,345,465,335,467,317,465,308,461,295,454
105,448,118,450,136,452,156,453,170,452,188,450,203,448,204,460,189,462,170,463,156,464,136,463,118,461,105,459
105,466,219,463,220,475,105,478
477,470,490,470,503,471,516,471,523,469,539,469,547,467,548,482,540,484,523,484,516,485,503,485,489,485,476,485
443,480,459,483,482,485,506,487,526,486,545,485,570,482,573,500,548,503,526,505,506,506,482,504,458,502,442,499
295,482,306,484,321,483,334,485,343,484,355,483,368,480,369,493,356,496,343,497,334,498,321,497,306,497,295,495
277,493,291,495,313,498,334,499,354,498,369,496,389,493,391,514,370,517,355,519,334,520,311,519,290,516,275,514
481,506,493,507,505,507,512,507,526,505,536,505,544,505,545,519,537,519,527,520,512,521,505,522,493,521,480,520
302,521,365,519,365,533,302,535
470,521,555,521,555,531,470,531
293,534,375,535,374,547,293,546
