100,129,178,105,260,88,323,81,435,93,505,106,565,124,549,156,489,138,426,127,322,116,271,122,193,137,115,161
301,130,361,130,361,140,301,140
167,154,502,150,503,177,168,180
314,188,350,188,350,197,314,197
142,205,526,203,526,221,142,222
113,229,559,234,558,298,112,293
290,328,301,329,312,331,328,330,337,330,349,332,359,333,360,344,350,343,335,342,328,342,312,342,299,340,289,340
278,345,290,346,309,345,326,347,348,346,360,348,377,349,375,359,357,357,348,356,325,357,308,355,290,356,278,355
227,360,254,361,284,361,319,362,365,364,401,363,427,363,427,374,401,374,365,375,318,373,284,373,254,372,227,372
229,375,425,377,425,390,229,388
266,393,286,393,303,392,331,393,352,395,375,394,392,394,391,405,374,405,352,406,330,404,303,403,286,404,266,404
248,407,277,407,300,407,324,408,360,409,378,407,407,405,406,418,376,420,360,422,324,421,301,420,276,420,246,420
273,421,379,424,378,437,272,434
269,440,286,439,300,439,322,438,338,440,358,440,375,441,375,453,358,451,337,451,321,450,301,450,285,450,268,451
213,451,239,452,276,453,331,453,368,454,410,455,436,456,435,468,408,467,368,466,331,465,276,465,239,463,213,463
204,465,234,466,271,467,322,468,376,469,432,470,461,471,461,484,431,483,376,482,321,481,271,480,233,479,204,478
147,480,515,487,514,501,147,494
225,498,252,498,278,499,323,498,366,500,401,500,427,501,427,512,401,511,365,511,323,509,278,510,251,509,225,509
305,513,346,513,346,525,305,525
252,530,270,529,306,530,328,529,350,531,374,531,397,533,395,542,373,541,349,541,328,539,305,540,270,539,252,539
263,542,283,543,307,542,323,543,346,543,372,545,389,545,386,556,369,556,345,555,323,554,307,553,283,554,263,553
254,557,274,557,306,557,322,557,346,558,378,560,398,561,396,573,376,572,345,569,321,569,305,568,273,568,253,569
227,569,250,571,284,571,326,574,352,572,396,576,422,576,421,588,395,588,351,584,325,585,284,583,249,582,226,581
229,581,246,583,286,586,330,589,355,587,388,589,414,587,414,599,387,600,354,598,329,600,285,597,245,595,229,593
193,599,219,599,267,599,312,600,373,601,418,602,444,603,443,614,417,613,373,613,312,611,267,610,219,610,192,610
177,607,206,609,269,612,329,614,407,617,450,617,479,617,478,629,449,629,406,630,329,626,268,625,205,621,175,620
257,626,388,630,387,641,256,638
