215,120,237,110,275,97,322,93,351,95,395,106,425,116,420,138,390,129,349,118,322,116,277,120,242,132,219,142
208,154,237,141,282,126,312,122,361,127,405,142,434,155,428,176,399,164,358,150,312,145,285,148,243,163,214,176
280,190,348,190,348,211,280,211
288,215,340,215,340,235,288,235
292,240,331,240,331,261,292,261
196,403,213,403,263,404,318,404,360,404,425,405,442,405,442,418,425,417,360,417,318,416,263,416,213,416,196,416
195,419,212,419,276,420,309,420,363,420,436,420,453,420,453,433,435,433,363,433,309,433,276,433,212,431,195,431
248,433,265,434,288,435,323,435,352,435,371,437,388,438,387,452,370,450,352,449,323,448,288,449,265,447,248,446
197,528,440,533,439,581,196,576
268,581,369,586,368,631,267,626
