619,148,638,148,638,161,619,161
65,162,79,160,94,157,112,157,123,159,137,161,150,167,147,187,134,181,116,178,112,177,97,177,79,180,65,183
203,214,286,193,366,183,417,177,517,212,564,222,613,250,578,298,528,270,480,258,418,232,370,238,327,238,245,259
86,222,128,220,129,231,88,234
95,235,142,235,142,252,95,252
272,483,278,488,290,497,301,503,311,504,326,510,336,510,327,517,317,517,305,513,296,512,282,505,269,496,263,490
277,505,286,510,292,513,303,516,307,519,317,520,327,523,321,530,312,528,305,527,298,524,285,520,282,518,274,513
357,506,478,513,473,556,351,548
516,523,593,511,597,528,520,539
308,552,315,555,327,560,333,562,342,567,351,570,360,573,354,580,346,577,337,574,328,570,323,568,309,562,302,560
516,537,525,537,542,536,552,536,567,532,582,530,593,528,598,540,587,543,569,545,557,548,545,549,525,549,516,549
361,545,382,551,399,555,419,557,436,558,457,557,478,554,480,567,458,570,436,571,417,571,395,568,376,564,355,559
