91,84,144,69,258,41,354,62,419,93,473,140,544,222,513,282,441,201,395,159,342,134,262,114,153,141,100,156
259,185,265,187,267,188,271,189,280,193,276,209,281,215,289,201,283,196,273,206,270,205,266,204,261,203,255,201
251,193,276,198,314,203,336,204,361,207,362,207,397,201,423,258,388,265,360,273,333,271,306,269,271,264,246,259
215,262,444,324,440,356,210,295
294,438,320,428,322,438,296,448
321,448,326,449,332,452,337,452,342,453,348,456,352,458,350,469,346,467,340,464,336,463,330,463,324,460,320,459
160,459,187,483,248,526,338,564,388,574,448,574,478,571,482,594,451,596,387,597,334,587,242,547,178,503,151,479
315,463,322,467,331,469,336,472,345,474,355,476,363,477,358,497,350,496,342,495,334,493,328,490,317,487,310,483
332,495,344,495,344,505,332,505
294,495,305,498,321,503,337,507,361,511,376,514,387,516,383,536,372,535,358,531,334,528,318,524,302,519,291,515
