158,106,196,82,241,61,327,52,422,78,498,125,534,154,521,173,485,144,415,101,326,76,246,85,207,103,168,127
297,85,348,85,348,122,297,122
217,119,429,126,428,156,216,150
171,153,220,152,272,150,329,154,367,154,431,158,480,161,479,193,430,190,366,185,329,185,272,182,220,184,171,185
150,181,491,189,490,223,149,214
147,215,495,220,495,251,147,246
204,520,269,527,407,516,449,497,522,418,552,307,566,239,598,244,584,311,548,439,466,527,414,551,266,562,201,555
16,267,79,233,202,520,140,553
112,246,531,254,530,287,112,279
141,272,189,278,247,280,327,288,377,285,432,283,486,276,486,311,431,317,378,319,325,322,245,314,190,312,142,306
136,313,505,324,504,360,135,348
147,352,490,357,489,395,147,389
191,386,451,390,450,425,191,421
206,430,432,430,432,462,206,462
234,464,398,473,397,509,232,500
