191,0,241,0,243,251,193,251
286,0,335,0,329,240,281,239
368,0,414,0,415,246,370,246
449,11,496,11,498,262,451,263
80,171,610,411,493,671,-36,431
176,283,212,271,288,252,360,253,412,261,505,290,540,303,531,325,497,311,406,283,358,276,290,275,219,293,183,305
181,319,218,306,272,291,335,284,387,289,416,296,453,311,448,331,410,317,384,310,336,305,277,313,225,326,189,339
485,321,500,328,510,333,527,343,545,355,554,362,567,372,551,389,538,379,531,374,514,363,498,353,491,349,476,341
201,412,223,403,286,380,333,377,378,385,421,404,443,418,432,448,410,434,370,416,333,409,294,410,235,432,213,441
200,415,448,415,448,506,200,506
136,451,146,446,153,443,163,436,170,431,178,425,186,418,200,435,191,441,183,448,177,452,163,462,157,465,147,470
465,436,500,436,500,465,465,465
273,556,394,561,393,590,273,585
281,591,381,591,381,618,281,618
360,626,382,626,382,638,360,638
307,628,362,628,362,638,307,638
