585,15,626,15,626,576,585,576
206,20,213,19,223,18,229,17,235,18,243,18,250,19,247,29,240,28,234,27,230,27,222,27,217,28,210,29
189,63,451,11,474,74,213,126
182,151,563,154,563,176,182,172
156,196,508,196,508,216,156,216
114,220,531,220,531,274,114,274
159,259,200,258,262,258,344,256,401,256,470,256,524,256,524,279,470,278,401,278,344,278,262,280,200,280,159,281
165,287,530,287,530,308,165,308
164,318,214,319,260,318,330,319,405,320,445,320,496,321,496,342,445,341,405,341,330,340,260,338,213,339,163,338
149,353,196,351,283,352,357,349,422,350,474,350,521,350,521,370,474,370,421,370,357,368,283,371,196,371,148,373
142,378,527,380,527,402,142,400
124,410,496,410,496,430,124,430
102,448,149,445,206,440,296,441,360,442,434,442,481,444,482,463,434,463,361,462,295,461,206,460,149,465,102,468
91,470,131,470,221,471,305,471,372,471,451,475,504,477,505,499,451,496,371,493,305,493,220,493,131,493,91,493
116,501,164,502,228,505,298,503,386,505,462,505,509,505,508,525,462,524,385,524,298,524,228,525,163,522,115,521
89,532,142,532,213,532,294,533,389,534,441,533,495,532,495,554,441,555,389,556,294,555,213,554,143,554,89,554
234,569,391,570,390,622,234,620
255,625,379,625,379,635,255,635
