529,160,638,128,644,167,536,199
512,142,516,141,525,140,529,139,535,139,543,139,549,139,547,150,540,150,537,150,529,150,525,150,516,152,512,153
370,154,445,154,445,220,370,220
73,177,170,170,171,192,74,199
598,186,638,172,640,182,600,196
177,180,184,189,192,197,200,207,206,213,219,223,225,227,216,241,209,237,198,229,190,221,183,212,176,205,169,196
60,209,72,210,90,211,111,210,128,203,142,205,159,202,160,219,143,222,130,220,113,227,90,227,72,227,60,225
478,223,524,222,525,238,479,240
480,237,537,233,538,263,482,267
546,258,552,256,559,254,570,248,578,244,588,240,597,236,600,247,590,250,581,255,572,258,561,264,555,266,549,269
13,242,51,240,78,237,117,237,155,240,173,239,211,241,215,287,177,284,155,286,115,282,80,282,59,285,20,287
293,246,353,246,353,267,293,267
296,284,407,235,418,276,306,326
227,254,242,254,242,263,227,263
597,267,638,262,639,271,597,275
342,302,349,298,356,296,364,289,375,285,386,281,395,280,397,289,387,291,376,294,367,298,359,305,350,307,343,312
144,294,178,290,179,300,145,303
118,305,133,304,145,301,160,301,180,298,195,296,207,294,207,306,196,307,181,310,160,312,145,312,133,315,119,317
146,319,176,317,177,325,146,328
135,329,163,325,164,334,135,337
361,375,369,372,381,365,402,357,410,355,427,349,437,346,439,361,429,363,413,369,404,372,385,379,372,385,365,389
374,418,384,412,396,404,417,392,428,388,439,381,455,373,460,392,444,401,434,407,423,412,403,422,389,431,379,437
365,441,468,393,478,432,375,479
40,566,48,565,54,565,65,563,72,562,77,561,86,558,87,565,78,568,73,570,65,571,54,572,48,573,41,574
