240,268,255,268,255,272,240,272
161,299,422,256,439,302,178,345
249,364,267,364,278,363,298,361,308,360,328,358,341,356,341,369,328,370,312,372,301,373,281,375,268,376,251,377
203,383,384,366,387,382,206,399
230,399,355,387,357,395,231,407
175,448,399,431,404,461,179,477
165,484,401,469,406,499,169,515
132,566,140,569,151,573,165,576,172,578,178,589,187,590,196,580,187,580,166,588,159,586,145,583,135,579,127,577
134,582,169,590,166,597,131,589
207,585,212,589,218,592,222,595,231,599,223,608,227,613,239,608,235,603,219,606,216,604,210,600,202,596,196,592
172,591,205,600,202,606,167,597
