299,113,346,114,346,121,299,120
284,125,294,122,309,120,323,120,338,121,348,123,361,128,358,133,345,129,336,127,323,125,310,125,296,128,286,130
169,131,266,134,266,144,168,141
378,139,389,139,410,139,423,140,441,141,452,141,467,142,466,150,451,150,441,149,422,148,409,148,389,147,378,147
289,162,296,165,311,171,321,172,330,172,346,167,356,164,360,169,349,172,332,177,320,177,309,176,292,170,285,167
273,201,367,204,366,216,272,213
275,236,282,233,302,228,315,227,338,229,355,235,364,239,358,248,349,244,334,239,315,237,304,238,287,242,281,245
305,241,337,241,334,431,302,430
601,307,625,307,625,313,601,313
606,314,621,314,621,320,606,320
305,507,326,507,326,542,305,542
