94,225,112,216,144,205,164,203,189,213,203,221,222,238,208,256,189,240,178,233,161,226,148,227,121,237,103,247
385,267,396,264,407,262,421,261,442,260,450,260,463,261,463,270,449,270,442,270,422,270,408,272,398,274,387,276
510,263,517,263,532,264,545,266,552,267,564,270,574,273,571,282,561,279,550,276,543,275,532,273,516,272,509,272
295,302,334,302,334,328,295,328
361,298,410,307,446,312,488,316,527,316,554,314,595,308,599,353,559,358,528,361,485,360,440,356,401,350,352,341
103,315,123,330,136,338,157,341,173,338,186,331,208,316,219,331,198,346,178,356,156,360,129,355,112,344,91,330
296,326,321,326,321,354,296,354
376,344,398,350,434,357,470,360,510,363,539,361,580,359,587,402,547,405,512,407,466,405,429,401,389,393,367,388
414,414,431,417,452,420,472,421,497,424,519,423,536,423,537,433,520,433,497,434,471,432,451,430,429,426,412,423
404,432,421,436,449,442,475,445,503,446,526,444,544,442,544,452,527,453,503,455,474,455,448,452,418,446,402,442
431,481,443,481,459,480,470,481,483,481,498,485,511,488,509,496,496,493,481,490,470,489,459,488,443,489,432,490
380,482,387,485,397,491,409,495,418,498,432,501,439,502,437,510,429,509,417,506,407,503,394,498,383,493,376,489
503,509,510,508,522,506,531,504,540,503,551,498,561,495,564,504,554,508,544,512,533,514,524,516,511,517,504,519
414,522,429,528,453,532,482,536,508,536,534,530,549,527,551,535,537,538,509,545,481,544,451,541,427,535,412,530
