23,-13,125,1,124,25,22,10
4,2,123,24,122,39,3,17
0,110,4,111,9,113,14,113,19,113,24,116,29,118,29,135,24,132,18,129,12,129,9,130,2,128,-2,126
0,140,5,141,13,139,19,141,30,142,36,143,43,145,40,161,33,159,28,158,19,158,12,156,4,157,0,156
2,355,17,356,33,356,62,356,83,357,101,357,115,358,115,373,101,372,83,372,62,372,33,372,17,371,3,370
7,380,22,380,22,385,7,385
37,384,46,382,66,376,75,376,90,378,110,378,119,379,119,396,110,395,90,394,75,393,66,393,48,398,39,400
7,387,23,387,23,394,7,394
7,396,26,396,26,403,7,403
0,472,109,465,110,484,0,492
30,492,109,486,110,499,31,505
0,612,94,600,95,618,0,629
