183,103,426,136,405,219,162,185
303,181,307,182,317,186,325,189,331,192,340,195,346,197,340,203,335,200,326,197,323,195,312,191,303,188,299,187
170,195,213,199,247,205,287,210,327,218,377,233,412,244,400,260,365,250,319,235,282,228,243,223,207,217,164,213
355,195,417,224,400,244,338,215
178,221,268,232,263,257,173,246
169,250,304,252,303,289,168,286
250,290,409,279,413,312,255,323
166,311,192,314,244,321,285,327,326,334,389,342,415,346,412,358,386,355,323,346,282,340,241,334,188,327,163,323
347,311,410,318,407,336,343,330
167,334,192,337,207,340,239,343,254,345,282,347,302,349,300,362,279,360,251,358,237,356,204,353,190,351,165,348
338,355,348,356,366,359,379,360,395,362,410,365,420,366,415,377,405,375,391,373,377,371,363,370,347,367,336,366
202,394,390,399,388,430,201,425
223,433,377,430,377,439,223,442
157,469,417,455,419,477,160,491
220,497,362,485,367,515,225,528
294,520,355,514,359,543,299,549
250,526,275,526,275,552,250,552
