369,62,403,45,535,118,502,135
122,97,162,108,132,141,92,130
449,152,457,152,465,152,473,152,483,152,493,151,501,151,501,159,493,159,483,159,475,159,465,159,455,159,447,159
100,154,110,154,121,154,131,154,144,154,160,154,167,154,166,161,158,162,145,162,132,162,121,162,110,162,99,162
423,162,434,162,452,162,470,162,494,162,506,162,523,162,524,169,507,170,494,170,470,170,452,170,434,170,423,170
97,164,106,164,121,164,139,164,152,164,161,164,174,163,173,172,160,173,152,173,139,173,120,173,107,173,98,173
438,174,449,173,461,173,472,173,484,173,500,173,508,173,509,180,501,180,485,180,472,180,462,181,449,181,437,182
101,176,112,176,123,176,133,176,144,176,158,176,166,176,167,183,159,183,144,183,134,183,122,184,112,184,101,184
431,185,439,184,455,184,477,184,487,184,503,183,517,183,517,191,503,191,486,191,478,191,456,191,440,192,432,193
94,187,108,187,119,187,137,187,150,187,163,187,178,187,176,194,162,194,150,193,138,194,119,194,108,194,94,194
135,215,185,234,270,264,322,264,360,256,443,226,474,208,506,225,474,243,377,279,327,288,254,287,154,251,104,233
127,317,497,315,497,326,127,328
132,328,164,328,252,328,311,327,366,326,431,325,462,325,463,334,431,335,366,336,311,337,252,337,164,338,132,338
127,338,497,335,497,345,127,348
129,349,497,346,497,356,129,359
129,358,247,358,247,368,129,368
129,372,497,370,497,380,129,382
135,383,167,383,254,382,298,381,368,381,449,380,481,380,481,390,449,390,368,391,298,390,254,392,168,392,136,393
142,393,169,392,228,393,300,391,370,391,433,391,460,391,460,400,433,400,370,399,300,400,228,401,169,401,142,401
130,402,493,399,493,410,131,412
132,416,497,413,497,423,132,426
132,426,497,423,497,433,132,436
132,436,497,433,497,443,132,446
132,445,160,445,185,445,205,445,228,445,255,445,283,444,283,453,255,454,227,454,206,454,186,454,160,454,132,454
141,477,497,474,497,485,142,487
144,488,171,488,261,487,302,487,383,486,434,486,461,485,462,493,434,494,383,494,302,495,261,495,171,496,144,496
156,497,184,497,236,496,302,497,388,495,433,496,460,496,460,505,433,504,388,503,302,505,236,505,184,505,157,505
136,506,495,503,495,513,136,516
378,513,497,513,497,523,378,523
