76,142,119,124,217,90,336,82,399,84,514,115,589,137,554,191,478,168,379,142,335,140,240,147,156,177,114,194
183,151,268,148,322,145,393,162,468,186,530,222,559,242,518,266,489,246,446,220,372,196,315,182,288,183,202,186
180,343,459,342,459,369,180,370
133,374,508,374,508,404,133,404
114,410,531,410,531,469,114,469
156,480,475,480,475,493,156,493
169,496,193,496,249,495,314,496,369,495,436,495,461,495,461,505,436,505,369,506,314,506,249,505,193,506,168,506
160,508,489,508,489,520,160,520
166,524,190,524,246,524,322,525,357,524,415,524,440,523,440,533,415,533,357,533,322,534,246,533,190,534,166,533
256,540,381,540,381,551,256,551
