569,30,573,30,578,30,583,30,588,30,594,30,598,30,597,41,593,42,587,43,583,43,578,43,573,43,569,43
562,46,568,46,576,46,583,45,588,46,595,46,603,47,603,60,595,59,588,59,583,58,577,59,567,58,561,58
568,61,573,61,578,61,583,61,587,61,593,61,598,61,599,74,594,74,587,74,583,74,577,74,573,74,568,74
572,78,593,78,593,90,572,90
560,115,606,115,606,126,560,126
320,135,326,135,326,174,320,174
356,182,381,172,418,168,443,156,482,141,521,146,554,144,550,200,518,202,482,197,454,210,427,223,383,228,359,238
320,186,327,186,327,252,320,252
320,300,326,300,326,361,320,361
320,373,326,373,326,426,320,426
320,443,326,443,326,499,320,499
320,516,326,516,326,554,320,554
