435,42,513,46,512,60,434,55
109,98,260,98,260,139,109,139
346,164,369,165,428,165,466,167,529,168,574,166,597,165,597,176,574,177,530,179,466,178,427,176,368,176,345,175
95,166,288,167,288,178,95,176
94,180,306,181,306,192,93,190
339,184,602,187,602,201,339,198
107,206,128,206,141,206,160,206,180,207,204,206,220,206,220,216,204,216,180,216,160,216,141,216,127,216,107,216
350,205,376,206,412,206,464,207,513,207,543,209,569,211,570,223,543,221,513,219,464,219,412,218,376,218,350,218
349,227,375,228,430,227,464,229,508,228,556,228,583,228,582,240,556,240,508,240,464,241,430,239,375,240,349,239
111,228,200,230,199,241,111,239
339,248,382,248,382,259,339,259
413,247,434,248,467,249,515,250,538,249,572,250,595,249,594,261,572,261,538,260,514,261,466,260,434,259,413,258
120,252,137,253,151,255,187,254,208,253,232,253,249,252,249,261,231,262,208,262,187,263,151,263,136,262,119,260
108,268,115,268,126,267,135,267,147,267,158,268,167,269,168,277,158,276,145,275,135,275,126,275,116,276,109,276
338,272,353,270,373,270,393,269,412,271,432,271,450,272,449,282,431,280,412,280,393,279,373,279,354,280,338,281
107,289,127,289,145,290,165,290,188,291,209,290,229,290,229,300,209,300,188,301,164,300,145,300,127,299,107,298
351,290,373,290,430,289,461,290,511,291,577,292,601,293,600,303,577,303,510,302,461,301,430,300,373,301,350,301
339,310,475,310,475,323,339,323
109,312,234,313,233,324,109,323
109,327,123,327,152,328,186,328,206,328,232,328,249,327,249,336,232,337,206,336,186,337,152,336,123,336,109,336
349,330,372,331,422,332,464,333,519,334,572,334,595,334,595,345,572,345,519,346,464,344,421,343,372,343,349,342
109,340,263,342,263,352,109,350
339,351,352,352,364,351,382,354,392,354,407,354,419,354,420,365,407,366,391,365,381,365,363,362,352,363,340,362
110,355,123,355,137,355,154,356,175,356,186,356,202,355,202,364,187,364,175,364,154,365,136,364,123,364,109,363
341,372,603,375,603,387,340,385
109,377,235,378,235,389,109,388
107,391,216,391,216,401,107,401
341,393,600,394,600,409,340,407
106,415,124,415,159,415,186,415,222,415,254,417,274,417,274,427,254,426,222,424,186,424,159,424,124,424,106,424
355,414,375,415,414,416,482,418,516,416,562,418,583,417,583,427,562,427,516,426,482,428,414,425,374,424,354,424
109,427,275,429,275,440,108,438
356,435,379,435,410,435,460,437,492,437,539,438,562,438,562,449,538,449,492,448,460,448,410,446,379,446,356,446
109,451,247,453,247,463,109,461
158,494,168,494,168,502,158,502
339,503,583,505,583,516,339,513
343,519,363,519,409,519,452,520,508,521,541,522,561,522,561,532,541,532,508,531,452,530,408,529,363,529,343,529
355,533,375,534,405,535,466,535,494,536,547,537,567,538,567,548,547,547,494,546,466,545,405,545,374,544,354,544
346,551,367,551,425,551,456,552,499,551,556,552,577,552,577,561,556,561,499,560,455,561,425,561,366,560,346,560
345,566,365,566,423,567,452,567,504,567,547,567,567,568,567,577,547,577,504,577,452,576,423,576,365,576,345,576
358,581,378,581,403,580,447,581,499,580,534,582,555,583,554,593,534,592,499,590,447,591,403,590,378,591,358,592
340,596,361,596,422,597,450,596,497,596,543,597,563,597,562,606,542,606,497,606,450,606,421,606,361,606,340,606
343,609,363,610,416,610,463,611,503,613,550,611,571,611,571,621,550,621,502,622,463,621,416,620,363,620,342,620
