153,71,171,60,195,47,234,31,248,26,283,20,305,18,306,39,284,42,250,48,237,52,199,68,176,80,158,91
332,18,351,21,375,25,413,36,427,41,460,58,479,67,475,85,456,76,424,60,411,55,373,44,350,40,331,38
169,106,215,80,254,66,317,55,378,64,428,79,474,101,466,141,419,120,374,106,317,97,258,108,223,121,177,146
502,107,523,81,615,258,594,284
110,82,132,108,41,293,19,266
207,176,226,176,260,181,310,176,382,178,423,181,442,182,442,200,423,198,382,196,310,193,260,198,226,194,207,194
267,269,380,269,380,288,267,288
270,291,378,294,377,315,270,312
248,314,264,317,296,317,327,320,354,317,375,317,397,315,397,334,374,336,354,336,327,339,296,336,264,336,248,334
595,329,619,355,537,545,513,519
17,369,41,341,133,530,109,557
260,341,388,341,388,359,260,359
197,433,452,430,453,456,197,459
188,458,210,458,263,456,320,457,379,458,430,454,452,453,452,473,429,474,379,479,320,478,263,476,210,478,188,478
169,482,191,482,244,481,313,481,388,478,467,482,490,482,490,502,468,501,388,498,313,501,244,501,191,502,169,502
248,507,268,507,302,504,325,505,347,503,380,504,399,504,399,522,379,522,347,521,325,523,302,522,268,525,249,525
339,598,359,595,383,589,409,581,436,571,466,552,487,540,492,558,472,570,440,590,412,600,386,609,360,615,340,618
160,547,178,560,201,573,227,584,255,592,289,596,308,598,308,618,288,616,253,612,225,604,197,592,174,578,156,566
