248,28,572,32,571,90,248,86
62,47,78,42,119,33,139,45,154,71,166,103,177,147,165,154,154,110,144,83,132,63,118,54,80,62,65,68
49,69,64,80,43,153,29,143
15,355,34,299,66,227,102,210,131,219,170,315,186,358,170,371,155,327,123,243,102,237,73,252,50,311,31,367
211,228,275,217,276,235,213,247
256,237,269,237,269,253,256,253
203,246,215,250,231,255,243,256,258,257,279,252,289,250,291,268,280,270,259,275,242,274,230,273,213,268,200,264
562,250,611,248,612,273,562,275
64,281,73,268,87,252,101,250,119,254,139,279,147,291,135,312,127,300,111,279,101,277,93,277,81,292,72,305
205,288,293,269,295,293,207,312
576,277,581,277,582,277,588,275,593,275,596,274,599,273,601,284,598,285,594,286,588,286,584,288,579,288,574,288
566,289,617,284,618,306,567,311
68,408,76,418,82,425,91,429,97,431,107,430,117,429,117,460,108,460,95,460,88,458,76,454,63,440,55,429
87,419,122,422,121,434,86,431
120,434,131,434,131,451,120,451
32,584,157,587,157,599,32,596
