361,7,473,7,473,73,361,73
78,25,246,35,245,65,77,54
367,113,379,112,399,113,414,112,435,114,449,115,465,116,465,132,448,131,434,130,414,129,399,130,378,129,366,129
0,160,15,160,15,178,0,178
0,181,15,181,15,201,0,201
521,182,552,182,552,205,521,205
520,206,552,206,552,227,520,227
1,209,25,209,25,233,1,233
510,227,564,235,562,260,508,252
0,234,21,234,21,243,0,243
141,338,174,299,218,258,263,245,310,256,356,302,385,339,363,357,334,321,300,288,264,280,228,290,197,317,163,356
510,258,561,261,560,271,509,268
499,348,559,329,568,383,508,402
187,354,349,357,348,419,187,416
512,605,541,605,541,614,512,614
510,617,545,617,545,626,510,626
