266,20,296,20,296,41,266,41
454,18,467,19,478,22,488,23,503,24,510,27,522,30,522,51,509,48,496,44,487,44,474,44,461,40,450,39
76,112,197,112,197,142,76,142
74,157,235,157,235,191,74,191
76,206,258,206,258,238,76,238
336,230,358,230,358,242,336,242
514,234,526,232,532,230,537,231,549,232,556,231,563,231,562,244,555,244,546,246,540,244,530,244,526,246,514,248
391,284,512,284,512,306,391,306
411,340,641,340,641,371,411,371
442,387,635,393,632,434,441,427
468,441,635,441,635,479,468,479
497,497,641,497,641,547,497,547
566,552,634,552,634,587,566,587
0,562,135,562,135,581,0,581
