14,14,31,16,66,15,94,15,125,2,155,0,182,-7,182,23,156,31,131,32,96,45,67,46,31,47,13,45
411,33,431,32,477,31,523,29,556,32,591,32,619,35,618,59,590,56,555,56,523,53,477,55,431,56,410,57
282,133,319,138,383,139,463,157,509,159,590,161,632,160,632,192,590,192,509,190,461,188,379,170,319,170,282,164
141,194,149,196,161,202,173,208,180,217,190,229,194,238,185,252,181,243,170,230,166,224,154,218,145,213,138,211
67,226,73,220,82,212,89,206,102,201,108,199,115,199,119,212,112,213,105,215,94,220,88,224,80,232,73,238
39,263,60,260,72,370,52,374
198,266,219,275,194,386,172,378
105,385,113,387,124,390,131,391,138,390,148,389,156,387,157,407,149,409,141,410,131,411,122,410,109,407,102,404
38,425,615,425,615,478,38,478
39,478,615,478,615,521,39,521
454,549,539,549,539,587,454,587
