36,55,58,57,76,57,107,58,141,61,155,58,177,54,177,73,154,76,141,79,107,76,76,76,58,74,36,74
269,60,291,61,308,60,328,62,352,63,375,63,397,63,396,81,374,81,352,81,328,80,308,78,291,79,269,77
494,65,513,66,531,65,550,67,578,69,598,67,618,66,617,82,597,83,578,85,549,84,531,81,513,82,494,80
59,142,116,124,242,93,313,91,447,103,518,127,575,147,564,192,507,171,442,150,312,139,245,141,126,169,69,187
260,152,283,152,298,152,319,152,350,154,368,153,386,152,385,176,366,177,350,178,319,177,298,177,283,176,261,176
239,192,408,192,408,211,239,211
40,228,245,231,244,304,39,301
275,230,460,230,460,303,275,303
488,228,624,244,620,320,484,304
288,320,368,320,368,339,288,339
119,349,537,357,536,401,119,392
80,406,224,406,224,431,80,431
242,405,565,408,565,431,242,429
52,439,599,449,599,482,52,472
42,492,53,492,69,490,86,491,104,492,122,492,136,492,136,504,121,504,104,505,86,504,69,503,53,504,42,505
512,494,601,494,601,508,512,508
200,499,234,500,276,498,319,501,365,502,413,501,447,502,447,531,413,531,364,532,319,530,276,528,234,528,200,528
28,506,45,505,62,505,83,505,104,508,130,506,147,506,147,523,129,522,104,524,82,521,62,522,46,522,28,523
497,512,512,511,532,509,554,511,579,510,598,511,617,512,617,528,597,527,578,525,554,526,532,525,512,527,497,527
54,529,63,529,78,532,86,530,102,531,116,530,122,530,122,545,116,545,101,545,86,545,78,546,62,544,53,544
520,528,535,532,544,533,557,536,569,535,590,532,598,530,597,547,590,549,570,552,557,552,542,549,534,549,519,545
