116,184,146,150,208,78,262,62,303,55,365,69,402,80,394,105,357,94,301,81,265,89,218,102,161,167,131,202
417,132,431,113,489,193,475,212
283,167,330,167,330,198,283,198
145,204,470,207,470,240,145,237
250,241,379,240,380,269,250,270
219,279,243,280,279,279,307,280,342,278,377,278,405,277,406,301,378,302,342,302,307,303,279,302,243,303,219,303
150,321,182,320,253,318,303,317,367,317,439,317,471,317,472,340,440,341,366,341,303,341,253,342,182,344,150,345
191,351,223,351,256,352,320,350,379,352,420,350,452,350,453,374,420,374,380,375,320,374,256,375,224,375,191,375
183,385,212,384,270,385,316,382,367,382,419,381,448,380,448,403,418,404,367,405,316,405,270,408,212,407,183,408
209,417,444,414,445,437,210,441
223,448,255,448,283,449,336,447,368,447,402,447,435,448,435,472,403,472,368,471,336,472,283,473,255,472,224,472
263,481,407,481,407,509,263,509
312,531,367,531,367,561,312,561
