32,0,194,0,194,4,32,4
288,0,299,0,299,8,288,8
364,-6,390,3,412,10,429,11,464,9,482,5,508,-2,516,8,490,16,468,21,429,24,407,22,382,14,356,4
586,2,638,2,638,24,586,24
83,127,110,100,158,61,219,52,260,58,318,99,345,122,325,133,297,110,249,75,219,70,168,79,131,111,103,138
101,160,132,185,177,215,214,221,259,214,304,181,329,158,344,166,318,188,267,226,214,234,171,227,118,193,88,168
585,208,638,208,638,258,585,258
0,280,41,280,41,384,0,384
600,276,638,276,638,325,600,325
150,396,478,391,480,432,152,438
215,441,538,439,538,479,216,482
152,490,510,486,510,524,153,528
217,531,510,531,510,571,217,571
549,540,613,540,613,556,549,556
633,542,638,542,638,554,633,554
538,560,555,559,575,558,593,558,604,558,621,558,639,558,637,576,620,576,604,576,593,576,575,576,560,577,543,577
86,575,129,576,196,576,301,577,390,574,464,572,506,570,506,588,464,590,390,593,301,595,196,594,129,594,86,594
0,600,65,598,66,622,0,623
11,626,61,626,61,638,11,638
