12,24,56,24,56,40,12,40
301,202,475,247,465,319,291,275
110,219,254,265,250,286,106,241
74,342,138,354,135,386,70,374
180,365,191,366,212,370,228,371,238,375,254,377,269,384,266,412,251,407,235,404,226,401,208,399,188,396,177,394
301,388,357,399,354,426,298,415
381,405,390,407,404,409,418,410,434,414,448,415,457,416,455,440,447,438,432,437,416,433,402,432,387,430,379,429
476,426,491,429,516,431,532,433,551,436,568,438,586,441,586,457,567,454,549,451,530,448,516,447,490,444,474,442
87,483,150,483,150,504,87,504
532,555,618,555,618,587,532,587
533,588,544,587,557,590,576,587,588,590,610,588,619,590,619,604,610,603,588,604,576,602,557,603,544,602,532,602
111,599,172,599,172,640,111,640
271,600,325,600,325,640,271,640
198,602,263,602,263,641,198,641
