82,142,544,58,545,69,83,154
129,158,477,99,484,185,136,243
230,227,243,224,275,219,296,216,324,213,348,212,363,211,363,226,348,226,324,227,297,230,276,233,245,239,231,241
303,259,385,249,386,265,304,276
500,253,518,250,519,258,501,261
76,284,147,277,148,293,77,300
302,282,357,277,358,294,303,298
300,307,315,306,323,306,339,302,354,302,366,302,379,303,380,317,367,316,355,317,339,317,323,320,315,320,300,321
73,306,139,300,140,315,74,321
218,305,251,302,252,312,218,316
98,353,115,352,216,345,268,341,372,332,445,326,462,324,462,338,445,340,372,346,269,355,217,359,115,366,98,367
70,330,81,327,96,327,104,324,118,325,131,323,142,323,143,337,132,337,118,338,104,338,96,341,81,341,70,344
199,432,222,439,219,461,196,454
356,495,411,493,412,508,357,510
462,546,503,542,504,560,462,563
77,547,108,545,109,561,77,563
