397,148,435,149,435,158,396,156
287,229,297,230,312,232,329,232,339,233,353,234,367,236,365,252,352,250,339,249,327,248,312,248,296,246,286,245
225,243,270,247,269,252,224,248
223,251,261,251,261,261,223,261
446,271,456,271,453,314,443,313
105,289,110,289,117,289,122,289,130,289,137,290,144,290,142,297,135,297,130,297,123,297,116,297,109,297,104,296
387,290,414,290,414,295,387,295
139,317,146,315,152,313,160,310,169,307,173,307,180,305,189,314,182,316,173,318,165,321,157,324,152,325,145,327
397,315,407,315,407,348,397,348
513,328,554,328,554,339,513,339
294,330,304,331,311,332,321,331,330,332,338,331,350,330,351,339,340,340,330,341,321,340,311,340,301,339,291,338
248,352,253,353,259,355,267,356,272,354,279,354,285,353,285,361,279,363,273,363,265,364,258,363,252,362,247,360
442,402,467,406,464,417,439,413
355,438,364,430,386,414,398,413,419,418,434,430,443,440,428,448,420,439,411,431,398,427,393,427,377,440,368,447
290,416,306,416,306,423,290,423
229,426,239,424,246,423,258,421,266,421,278,423,286,424,284,432,276,431,265,429,258,430,248,432,244,432,234,434
308,424,350,424,350,442,308,442
438,423,480,423,480,444,438,444
486,442,573,445,572,470,485,467
319,444,348,444,348,458,319,458
84,451,108,447,122,447,147,445,175,452,193,450,213,451,214,469,195,467,173,469,145,462,123,464,105,464,81,468
95,465,144,465,144,480,95,480
373,464,383,470,391,474,398,475,407,474,413,471,423,464,435,476,425,483,414,488,399,490,387,489,371,482,361,476
506,471,554,472,554,479,505,478
223,478,233,478,248,479,260,479,269,479,284,479,296,478,296,487,285,487,270,487,260,487,248,487,231,486,222,486
499,486,507,488,516,490,525,489,535,487,548,485,555,483,556,490,550,492,536,494,527,496,517,497,506,495,498,493
372,487,381,491,389,493,397,494,405,493,416,490,425,487,429,492,420,495,407,498,396,499,387,499,378,496,368,492
367,505,426,505,426,513,367,513
244,514,265,514,265,519,244,519
362,515,429,515,429,522,362,522
239,519,268,519,268,523,239,523
