164,4,193,1,194,10,164,12
263,8,293,4,294,12,263,17
17,-1,35,30,45,44,69,68,97,93,127,115,154,130,129,206,102,190,77,172,40,140,9,108,-15,62,-34,28
183,22,213,17,214,26,184,31
230,44,456,42,456,77,230,79
59,44,206,44,206,79,59,79
163,94,234,88,235,114,163,120
232,143,268,140,269,156,232,159
376,158,567,134,570,193,380,216
164,150,205,146,206,161,164,165
426,206,638,183,641,231,428,255
0,229,206,229,206,269,0,269
286,218,318,218,318,254,286,254
231,240,269,236,270,252,231,256
417,257,429,259,454,260,466,259,482,257,503,252,517,248,520,266,506,271,484,276,466,279,454,279,427,277,415,275
160,283,238,277,239,307,162,314
230,337,237,338,244,339,251,339,257,337,264,336,269,335,270,350,265,351,258,352,251,353,244,353,237,353,230,352
163,341,204,341,204,356,163,356
181,356,345,356,345,408,181,408
419,356,525,356,525,389,419,389
552,356,638,356,638,391,552,391
161,383,176,383,176,408,161,408
230,438,236,439,243,438,252,439,257,438,266,437,271,435,270,450,265,451,258,453,252,454,242,453,236,453,232,453
160,439,204,439,204,455,160,455
159,479,268,479,268,509,159,509
