251,109,268,107,298,107,324,103,346,105,366,104,387,106,387,127,366,125,346,125,326,123,298,129,268,128,250,130
481,120,490,124,505,129,519,137,534,140,550,145,560,147,556,163,547,162,531,155,516,153,501,145,486,140,478,135
288,210,315,210,315,220,288,220
288,219,310,222,309,233,286,229
280,240,323,241,323,246,280,245
137,301,243,304,242,321,137,319
418,305,453,307,452,315,418,313
138,327,237,327,237,342,138,342
138,342,240,342,240,356,138,356
571,346,582,346,582,360,571,360
138,356,210,356,210,371,138,371
566,363,590,363,590,380,566,380
137,372,214,372,214,387,137,387
138,387,236,385,236,400,138,403
135,403,150,403,167,401,183,402,210,401,224,401,239,400,240,416,225,416,210,416,184,418,167,416,150,419,135,418
137,418,283,412,283,428,137,434
211,545,287,537,288,545,211,554
160,543,166,543,171,544,176,543,182,542,187,541,193,540,191,551,186,553,183,553,178,554,170,555,168,555,161,554
211,553,268,547,268,554,211,559
