193,271,211,255,241,235,277,223,311,225,361,251,386,267,370,310,345,294,302,270,277,271,251,281,225,298,208,315
405,360,423,360,423,440,405,440
243,390,261,390,261,400,243,400
245,400,260,400,260,456,245,456
141,402,180,402,180,415,141,415
145,416,172,416,172,423,145,423
180,442,195,442,195,451,180,451
475,447,581,447,581,470,475,470
491,474,500,474,519,474,531,474,546,474,563,474,577,474,577,485,563,485,546,485,531,485,519,485,500,485,491,485
268,495,404,500,403,530,268,524
580,563,585,564,591,564,599,566,601,565,607,565,612,564,613,577,608,579,602,578,596,580,591,577,585,577,580,576
