245,76,453,76,453,153,245,153
484,89,529,89,529,106,484,106
181,151,519,155,518,253,180,249
261,249,442,252,440,365,260,363
285,374,416,374,416,418,285,418
244,432,270,432,309,432,360,431,386,430,429,433,461,434,461,463,429,462,385,459,363,460,308,461,270,461,244,461
282,466,422,465,422,481,282,482
191,492,221,491,299,489,335,489,419,488,469,491,499,492,498,509,469,508,419,505,335,506,299,506,221,508,191,509
192,509,215,509,280,511,340,509,401,507,466,509,489,510,489,523,466,523,401,520,340,523,280,525,215,523,193,523
204,524,230,524,280,527,335,525,415,524,472,525,498,525,498,540,472,540,415,539,335,541,280,542,230,540,204,539
220,540,246,542,280,543,347,544,412,541,456,541,482,540,482,555,456,556,412,557,347,559,281,558,246,557,220,556
259,562,279,561,312,561,346,561,377,561,406,561,429,562,429,574,406,574,377,573,346,573,312,573,280,574,259,574
308,580,393,580,393,589,308,589
