18,24,30,24,30,38,18,38
279,26,367,22,368,75,280,79
421,41,440,43,465,45,505,50,531,51,568,53,587,53,587,70,567,70,531,68,504,68,464,63,440,61,420,58
98,55,115,55,133,55,155,52,184,49,207,47,224,44,225,60,208,62,185,65,156,68,133,70,115,70,98,70
241,183,260,173,286,162,316,158,344,163,358,167,384,182,380,240,353,224,339,220,316,215,294,218,264,230,246,240
271,228,349,228,349,295,271,295
199,305,425,305,425,340,199,340
410,368,423,364,440,360,450,358,468,357,483,356,497,358,497,373,484,372,469,372,451,372,442,375,423,379,410,382
64,356,194,364,194,382,64,372
250,370,279,389,292,395,320,399,331,396,360,382,377,370,389,417,372,429,337,447,322,450,284,445,271,439,241,419
