37,66,91,61,220,42,307,45,439,44,502,57,574,70,568,137,497,125,438,113,307,114,222,111,93,129,39,135
193,186,218,185,240,184,296,183,334,183,366,183,390,183,390,206,366,206,334,206,296,206,240,206,218,208,193,209
475,185,533,185,533,206,475,206
100,234,117,234,136,234,147,234,166,234,185,234,202,233,202,248,185,249,167,250,147,250,136,250,117,250,100,250
244,233,255,234,272,234,289,234,310,234,325,234,341,234,341,250,325,250,309,250,290,250,272,250,255,249,244,248
389,234,404,235,433,235,456,236,481,235,508,235,522,234,522,247,508,248,481,249,456,249,433,249,404,248,389,247
98,251,450,251,450,268,98,268
180,286,412,286,412,299,180,299
119,320,136,320,225,319,323,320,362,320,439,319,456,318,456,334,439,334,362,335,323,336,225,334,136,335,119,335
107,337,124,336,201,337,248,336,298,337,334,336,351,336,351,352,334,352,298,352,248,351,201,352,124,352,107,352
119,370,136,370,229,370,286,370,360,370,437,370,455,370,455,386,437,386,360,386,286,386,229,386,136,386,119,386
98,389,134,389,134,402,98,402
98,420,536,420,536,437,98,437
98,440,137,442,137,455,98,453
