256,80,266,79,278,77,302,72,311,70,328,67,342,64,345,75,330,78,314,81,305,83,282,88,268,90,258,92
295,85,313,85,313,96,295,96
247,106,261,104,284,98,308,94,323,91,348,85,361,82,368,102,356,105,329,111,314,115,293,118,267,124,254,127
414,106,429,98,445,90,462,88,487,87,510,93,527,99,524,125,506,119,482,113,464,114,459,114,435,124,420,132
277,122,289,119,300,115,315,114,329,111,336,109,347,105,355,125,342,129,334,131,323,134,308,135,295,139,283,141
446,156,458,161,475,166,479,168,493,172,508,176,520,178,512,197,500,195,487,192,473,188,462,184,450,180,437,175
410,159,422,166,452,179,469,184,493,190,525,190,540,190,540,214,525,213,489,213,459,206,443,201,405,184,393,178
120,193,136,196,159,200,181,203,203,206,228,206,244,205,239,223,221,224,202,225,176,222,155,219,133,215,117,211
435,198,477,212,471,224,429,210
345,200,469,239,452,276,328,238
134,218,228,231,223,252,129,239
307,227,328,233,357,243,387,253,415,265,453,280,480,290,450,313,422,302,400,296,369,284,339,274,311,265,292,259
562,257,607,254,609,269,563,272
551,274,558,273,572,273,580,272,591,272,603,270,611,270,611,283,604,283,591,285,583,285,573,286,559,286,552,287
313,274,436,312,419,350,295,311
70,281,205,288,204,314,67,306
532,289,611,283,614,300,533,306
272,296,441,351,422,387,254,331
104,313,157,316,156,335,103,332
24,330,234,341,231,369,22,357
43,362,203,370,201,413,39,404
508,373,588,391,580,413,500,395
504,396,580,413,574,435,498,418
495,417,512,423,526,425,533,428,547,430,562,433,574,436,567,456,554,453,540,450,529,448,520,445,505,443,489,437
172,469,208,469,208,482,172,482
500,486,510,484,521,483,529,482,535,482,547,482,554,482,554,493,547,492,537,492,530,492,521,494,510,495,500,497
115,485,217,485,217,506,115,506
505,496,554,491,557,505,508,510
115,506,213,506,213,525,115,525
501,514,564,510,566,529,503,533
490,532,575,526,577,546,493,551
263,556,273,553,287,549,302,546,318,541,332,536,346,531,350,547,336,552,324,556,309,561,293,565,278,569,268,572
273,572,284,570,302,567,314,562,328,558,341,554,351,551,358,567,347,570,332,573,323,577,308,582,287,586,277,588
514,561,568,558,569,572,515,575
