450,31,467,26,494,20,517,20,535,23,552,31,567,39,556,49,541,41,527,34,515,33,495,32,475,38,459,42
489,33,520,35,519,43,488,41
467,47,547,47,547,89,467,89
482,91,490,91,497,91,504,91,514,91,524,92,531,93,529,103,521,103,514,101,504,101,497,101,488,101,481,101
5,126,618,147,614,201,2,181
3,185,386,185,386,197,3,197
45,317,372,317,372,360,45,360
361,443,623,443,623,481,361,481
135,480,150,479,177,481,200,480,229,481,243,481,262,483,262,495,243,494,228,494,200,493,178,495,147,492,132,492
148,495,210,495,210,505,148,505
0,496,386,515,381,574,-3,556
404,545,632,545,632,585,404,585
122,563,273,563,273,618,122,618
408,583,446,582,489,583,529,580,557,582,606,581,639,582,638,600,605,599,557,600,529,598,487,601,448,600,410,601
428,599,607,599,607,638,428,638
10,617,169,617,169,633,10,633
63,627,323,627,323,638,63,638
