555,142,581,129,583,149,557,162
538,173,605,138,607,158,540,191
564,180,588,171,589,189,566,197
556,204,603,180,605,202,558,226
300,292,328,279,329,299,301,312
280,303,297,296,299,316,281,323
282,325,331,299,333,318,284,345
421,437,435,431,458,415,473,409,497,398,521,382,540,371,544,435,526,444,502,459,480,470,463,477,439,494,424,501
352,574,628,415,636,483,359,640
574,565,585,556,593,549,599,547,607,543,619,536,627,530,627,558,619,563,611,569,602,574,594,578,587,582,577,591
487,611,496,607,508,600,526,587,537,580,556,571,564,567,568,593,559,598,539,609,529,613,511,629,497,635,488,640
554,618,563,613,579,604,594,596,610,585,628,574,636,569,639,591,631,598,614,609,596,620,581,629,565,637,556,642
