84,1,140,1,140,21,84,21
553,3,634,4,633,23,553,21
67,25,158,25,158,45,67,45
548,27,636,27,636,46,548,46
251,72,467,72,467,104,251,104
291,105,307,105,329,106,346,106,367,107,388,107,407,107,407,115,388,115,368,115,346,115,329,114,306,114,290,113
16,128,28,122,60,109,82,107,111,112,127,122,147,137,138,144,118,129,106,122,81,117,62,118,36,129,24,136
257,119,276,119,316,119,343,119,382,119,411,120,436,120,435,131,410,130,382,130,343,130,316,130,276,130,257,130
38,135,51,135,51,145,38,145
7,142,21,142,19,192,6,191
17,189,40,201,72,213,95,213,118,203,138,174,149,154,163,157,152,176,128,211,100,223,71,225,32,210,9,199
53,181,109,181,109,188,53,188
48,189,58,189,69,189,79,189,92,189,108,189,116,189,116,196,108,196,92,196,78,196,69,196,57,196,48,196
68,198,96,198,96,204,68,204
309,235,398,235,398,261,309,261
300,293,348,293,348,304,300,304
367,295,373,294,379,293,385,294,392,294,399,294,405,294,406,304,400,304,392,304,387,304,379,303,373,304,367,304
286,311,334,311,334,321,286,321
368,311,418,311,418,321,368,321
281,355,427,355,427,381,281,381
258,401,369,401,369,445,258,445
256,492,309,492,309,518,256,518
338,493,449,493,449,519,338,519
462,544,482,544,482,557,462,557
326,578,454,579,454,591,325,589
244,579,291,579,291,589,244,589
182,599,521,600,521,610,182,609
201,609,502,611,502,621,201,619
