18,11,102,26,96,99,12,85
121,39,629,39,629,93,121,93
291,111,323,110,405,115,444,111,510,105,571,111,606,111,606,140,571,139,509,134,445,139,404,143,321,138,290,139
72,174,201,170,201,196,72,200
562,178,636,178,636,197,562,197
316,210,420,207,420,230,316,234
513,216,636,214,636,240,513,243
618,240,633,240,633,249,618,249
519,257,636,257,636,283,519,283
33,259,390,259,390,311,33,311
584,280,635,280,635,288,584,288
447,294,636,294,636,327,447,327
542,319,633,319,633,328,542,328
11,337,41,340,132,334,198,344,249,333,319,339,350,335,350,360,319,364,249,358,198,368,133,359,41,365,10,361
508,334,636,332,636,358,508,359
579,358,633,358,633,368,579,368
582,375,636,372,637,404,583,406
219,399,237,396,265,397,283,395,299,397,330,397,342,399,343,416,330,415,298,415,284,413,265,416,236,414,218,416
127,395,175,395,175,415,127,415
7,453,23,439,42,425,58,423,77,429,93,448,104,462,95,474,85,460,72,444,58,440,45,441,31,452,15,466
219,431,242,429,262,429,287,427,303,426,330,430,350,432,349,451,329,449,302,444,288,445,262,448,242,448,218,450
121,428,175,428,175,447,121,447
282,449,347,447,348,457,283,460
121,460,175,460,175,480,121,480
235,466,256,464,276,464,322,462,353,464,384,463,404,464,404,479,384,478,353,479,322,477,277,479,255,480,235,481
488,476,638,476,638,492,488,492
326,480,417,478,417,489,326,491
222,490,383,493,383,514,222,511
121,491,175,491,175,512,121,512
542,493,555,494,570,496,594,494,603,497,623,494,635,496,635,505,623,505,603,508,594,505,570,506,555,504,542,504
309,512,382,512,382,523,309,523
224,523,247,525,276,525,325,529,363,523,387,528,410,529,410,548,387,547,363,541,324,548,276,544,246,544,224,541
437,527,455,526,496,523,536,526,572,527,610,526,628,526,628,540,610,540,572,542,536,540,496,537,456,541,438,541
121,525,175,525,175,544,121,544
31,537,38,541,47,545,57,548,63,547,72,542,79,539,82,553,75,557,64,561,57,562,44,560,36,557,29,551
281,547,411,547,411,558,281,558
222,556,279,558,279,578,221,576
120,558,175,558,175,576,120,576
198,563,207,563,207,572,198,572
95,613,362,616,362,626,94,623
458,616,463,613,472,612,479,611,485,612,497,616,501,617,499,629,495,628,486,624,478,624,473,624,463,626,458,628
612,619,626,619,626,625,612,625
531,617,565,617,565,625,531,625
582,621,599,621,599,629,582,629
