165,39,201,48,287,62,340,66,386,65,450,48,494,36,505,90,461,102,390,121,339,122,283,118,194,104,157,94
14,111,41,111,41,259,14,259
567,174,580,174,580,181,567,181
601,233,624,232,625,412,603,413
14,278,40,278,40,379,14,379
187,299,206,297,206,307,187,309
186,307,205,307,205,316,186,316
187,317,205,312,206,321,187,326
121,355,138,350,139,359,123,364
121,363,137,357,138,364,123,370
12,394,41,394,41,527,12,527
433,454,440,453,449,453,457,452,462,452,470,453,477,454,477,472,471,471,461,470,457,469,449,470,442,471,435,472
433,470,481,476,480,493,433,488
279,528,283,526,288,523,295,522,302,522,307,524,314,527,312,536,305,533,301,532,295,531,290,532,283,535,280,538
533,570,577,578,576,598,531,590
