221,209,243,198,256,192,283,182,313,174,334,173,352,172,353,200,335,200,317,201,287,209,261,218,250,223,229,235
148,229,152,224,156,219,159,217,163,215,165,211,169,208,177,217,172,220,168,227,166,226,160,231,157,235,154,240
195,229,224,229,224,243,195,243
258,238,340,238,340,268,258,268
147,271,159,261,168,256,182,247,205,242,220,242,228,243,228,258,219,258,205,258,186,262,173,270,162,276,150,286
245,270,354,270,354,301,245,301
245,303,353,303,353,331,245,331
166,338,429,338,429,353,166,353
174,362,428,362,428,390,174,390
231,394,253,394,272,394,296,393,322,394,345,394,367,394,367,410,345,410,322,410,296,409,272,410,253,410,231,411
340,438,346,437,356,439,364,436,374,435,384,436,392,436,391,451,383,451,374,451,366,452,356,454,344,452,338,453
426,438,453,438,453,448,426,448
408,451,458,451,458,458,408,458
332,456,341,456,352,456,368,456,378,456,387,456,398,455,398,466,387,467,378,467,368,467,352,467,341,467,332,467
426,461,448,461,448,469,426,469
338,469,394,469,394,480,338,480
418,470,450,472,450,481,418,479
377,486,416,487,415,502,377,500
379,502,409,502,409,507,379,507
495,531,510,531,510,549,495,549
