198,102,210,103,228,103,252,110,261,113,275,116,289,120,287,130,274,126,256,122,247,119,225,113,210,113,198,112
339,109,346,111,357,114,369,114,375,113,384,112,397,107,405,117,391,121,379,123,369,125,355,125,342,121,335,119
208,139,448,139,448,203,208,203
222,293,245,287,293,278,327,272,375,264,419,260,459,255,459,275,420,280,379,283,334,291,301,297,247,307,224,312
232,330,469,336,466,381,229,375
277,384,419,384,419,424,277,424
240,433,271,432,311,430,339,431,384,431,424,433,447,434,446,450,423,449,384,447,338,447,311,446,271,448,239,449
204,448,227,448,268,448,346,449,432,450,471,451,494,452,495,462,472,461,431,460,346,459,268,458,226,458,203,458
190,456,213,457,286,458,344,459,417,462,485,460,508,460,509,470,486,470,417,471,343,469,286,468,212,467,189,466
184,468,203,468,266,470,336,471,428,473,480,470,500,469,500,478,481,478,428,481,335,480,265,478,203,477,183,477
236,478,259,479,291,480,338,481,387,482,436,484,459,485,460,494,437,493,386,491,338,491,290,490,259,489,236,488
287,501,402,502,402,513,287,512
443,522,539,516,540,523,444,529
127,516,166,518,207,519,270,520,306,521,357,520,396,519,396,536,357,536,307,538,268,537,207,536,165,535,126,533
