194,99,243,91,301,89,388,95,440,114,509,144,564,175,534,206,480,174,415,147,378,133,299,128,243,130,194,137
187,208,224,214,290,224,379,241,446,255,492,261,549,270,543,297,485,288,438,282,372,267,282,251,215,240,178,234
215,265,487,308,480,336,208,294
188,318,484,353,478,383,182,348
499,361,555,367,551,393,495,387
271,384,492,407,488,436,267,413
228,434,436,450,432,483,224,467
461,457,520,459,519,486,460,484
230,491,521,505,518,539,228,526
228,550,411,553,410,586,227,583
446,558,547,558,547,585,446,585
