180,210,202,190,253,154,284,146,345,152,374,164,408,184,389,241,356,221,336,212,286,208,267,212,225,244,203,263
372,249,404,242,405,253,372,259
191,252,222,249,223,260,192,263
378,259,410,252,412,264,379,272
184,259,224,259,224,275,184,275
376,270,400,270,400,278,376,278
190,275,213,275,213,283,190,283
81,314,89,314,89,321,81,321
108,324,161,315,162,331,109,339
20,322,42,322,42,327,20,327
30,328,84,328,84,334,30,334
494,333,501,331,504,331,510,330,515,331,518,330,523,332,524,344,519,343,514,343,512,341,504,343,501,343,495,345
109,336,166,333,167,352,109,354
268,343,286,343,286,350,268,350
500,344,505,344,508,343,512,344,516,343,521,343,526,343,524,354,520,355,516,355,512,356,508,355,504,356,499,356
116,355,153,355,153,369,116,369
4,389,11,388,25,388,39,388,52,388,67,391,78,392,79,401,68,400,51,397,39,397,25,397,12,398,5,398
9,400,21,400,21,405,9,405
