267,26,362,31,359,139,264,134
301,135,331,135,331,149,301,149
155,176,468,178,468,204,154,202
267,207,361,207,361,225,267,225
115,227,506,227,506,254,115,254
263,258,283,257,293,257,315,255,330,255,350,257,361,258,362,278,351,277,329,275,315,275,293,277,283,277,263,278
162,281,186,281,232,281,300,281,363,280,458,280,483,280,483,298,458,298,363,298,300,299,232,299,186,299,162,299
130,298,493,298,493,315,130,315
144,318,166,318,248,316,296,317,368,317,428,317,451,317,451,334,429,334,368,333,296,334,248,333,166,335,144,335
129,334,495,332,495,350,130,353
153,351,177,352,259,351,303,352,368,351,453,351,478,351,478,370,454,370,369,370,303,371,259,370,177,371,153,370
128,371,496,368,496,386,128,389
128,390,496,387,496,405,128,408
128,408,497,404,498,422,128,426
142,427,166,427,261,424,313,424,385,426,461,422,486,422,486,441,462,441,385,444,313,443,261,443,166,445,142,445
168,445,193,444,246,446,315,442,372,441,438,444,462,445,462,463,438,462,372,459,315,461,246,464,193,462,169,463
160,462,184,462,250,461,304,461,371,459,453,459,477,458,477,477,453,478,371,478,304,480,250,480,184,481,160,481
127,482,498,477,498,495,127,500
127,501,498,491,499,513,128,523
483,517,500,517,500,526,483,526
