514,-4,629,21,618,130,503,103
22,94,294,35,299,93,28,151
547,141,610,141,610,239,547,239
491,155,504,155,504,164,491,164
491,164,504,164,504,174,491,174
40,192,182,170,186,220,44,243
12,260,235,217,240,282,17,325
540,258,609,260,606,473,536,470
349,315,365,326,362,334,347,323
364,327,402,318,403,331,366,340
88,371,421,371,421,396,88,396
56,396,425,396,425,421,56,421
57,420,388,422,388,447,57,445
12,484,157,484,157,507,12,507
38,510,60,510,112,510,169,510,224,510,292,510,314,509,314,528,292,528,224,528,169,529,112,529,60,529,38,529
388,527,619,532,618,598,387,594
12,533,307,533,307,556,12,556
10,581,37,581,103,581,152,581,203,581,260,581,287,581,287,604,260,604,202,604,152,604,103,604,37,604,10,604
97,606,161,606,161,628,97,628
