117,180,130,164,160,134,180,117,210,101,235,89,262,79,279,114,253,124,226,136,202,150,186,163,157,193,144,208
381,84,399,90,440,108,464,123,495,152,515,177,530,199,503,223,488,201,469,176,441,150,423,139,386,123,368,117
151,217,489,230,486,333,148,321
174,331,449,336,447,432,172,428
30,346,58,339,83,429,55,436
111,324,121,360,143,412,191,471,223,493,260,508,315,523,301,568,246,552,200,533,159,504,104,437,79,379,68,343
577,354,608,370,540,510,509,495
324,520,361,512,400,499,440,473,472,444,499,405,528,358,570,380,540,427,510,473,472,509,424,541,375,558,337,565
69,460,90,443,138,505,118,521
389,562,410,555,435,545,444,541,471,523,486,509,499,497,516,515,503,527,484,544,458,561,444,568,418,579,396,586
147,511,163,521,187,540,198,544,222,557,245,566,264,573,255,599,237,592,211,581,186,569,172,562,146,542,130,532
284,574,378,571,379,596,285,599
