1,79,11,84,29,93,48,101,62,106,81,112,96,116,87,127,72,123,54,117,40,112,20,103,2,94,-7,89
267,121,322,112,384,108,443,119,487,142,523,176,552,212,527,221,498,184,468,157,432,138,381,128,331,131,276,140
391,138,398,137,409,137,422,139,429,142,437,147,445,153,438,157,430,152,423,148,418,146,408,144,399,144,391,145
309,172,360,180,358,188,307,180
120,386,145,407,178,432,224,450,277,465,314,466,360,465,360,485,315,486,271,485,213,468,163,448,123,418,97,397
193,417,206,424,214,428,232,435,244,438,259,442,271,444,265,456,253,454,238,450,224,446,206,440,198,435,186,428
59,435,84,447,154,477,190,492,246,512,307,532,334,540,328,552,300,544,239,524,182,503,146,488,75,458,50,446
472,549,487,545,499,570,484,574
546,596,558,596,558,608,546,608
412,585,417,588,419,589,425,591,428,592,427,601,432,604,440,598,435,596,425,600,419,598,415,597,411,595,407,592
586,598,591,601,599,606,602,608,608,611,608,622,613,625,623,618,617,615,603,620,597,617,591,614,582,609,577,605
466,609,481,609,481,622,466,622
