228,127,446,127,446,202,228,202
27,148,47,142,74,140,93,141,117,148,135,157,159,171,148,208,125,194,108,186,91,181,74,180,49,182,29,188
349,223,475,215,476,240,350,248
497,216,503,217,515,219,523,219,531,220,543,220,549,219,548,238,541,239,532,239,521,238,515,239,503,236,496,235
232,218,311,224,310,253,231,247
57,223,62,225,69,227,80,230,85,232,93,231,98,231,98,249,92,248,84,249,79,247,68,244,60,242,54,240
498,239,532,241,531,259,497,256
22,237,86,247,213,272,354,271,432,268,567,260,641,249,641,323,567,333,434,341,355,344,210,345,78,319,14,310
238,251,250,253,259,254,270,255,283,254,298,255,305,255,304,270,297,270,283,269,270,270,258,269,249,268,238,266
75,323,145,333,226,342,325,345,419,334,549,333,608,324,607,404,548,412,422,413,327,424,224,422,139,411,70,402
