121,136,155,119,190,105,239,92,293,83,351,82,390,81,388,99,349,99,294,101,244,108,198,122,165,134,132,151
407,89,422,93,454,102,472,109,497,120,509,126,530,137,518,152,498,141,486,135,462,124,445,118,415,110,401,105
263,117,401,119,400,130,263,127
288,138,367,138,367,145,288,145
268,152,387,154,386,164,268,162
193,169,461,171,461,181,193,179
319,216,341,217,390,219,429,218,479,218,522,213,544,211,543,221,521,223,481,228,429,229,390,229,341,227,319,226
138,210,208,211,208,228,138,226
308,245,367,253,363,269,304,261
105,254,223,254,223,264,105,264
316,286,324,284,337,279,343,279,355,278,360,277,372,275,374,288,362,290,358,290,345,292,341,292,330,296,322,298
105,291,124,291,124,301,105,301
349,295,356,294,372,296,381,294,398,295,406,295,417,295,417,304,405,304,399,305,380,304,372,305,356,304,349,304
106,330,171,330,171,340,106,340
478,333,503,333,503,343,478,343
105,368,172,368,172,378,105,378
478,371,503,371,503,381,478,381
186,391,499,397,498,423,185,416
104,406,150,409,149,419,103,417
104,422,558,439,556,472,102,456
163,474,205,473,270,472,364,474,415,478,501,473,537,473,538,495,502,495,417,500,364,495,265,493,205,495,164,496
102,483,110,483,120,485,128,484,134,484,144,483,151,482,151,491,144,492,135,492,129,493,119,493,110,492,102,492
178,572,279,579,274,624,173,617
294,584,525,581,525,612,295,616
