435,80,464,101,425,221,397,201
324,258,332,249,344,235,356,223,368,215,378,207,392,201,403,225,389,231,377,242,365,249,355,260,347,269,339,279
201,255,278,246,280,282,203,291
75,269,79,266,84,262,89,258,96,254,106,253,110,252,111,265,107,266,98,267,93,270,87,274,82,277,79,280
0,324,140,340,133,475,-5,460
503,442,522,442,522,472,503,472
160,448,173,448,173,463,160,463
139,453,152,450,155,487,141,489
157,464,171,464,171,475,157,475
157,484,168,484,168,494,157,494
447,553,479,561,476,585,444,578
446,578,483,586,480,612,443,604
