-1,246,20,189,55,113,110,63,163,50,245,87,288,116,275,154,233,125,162,91,119,102,74,144,46,201,25,258
425,112,533,17,672,374,565,469
202,192,435,174,437,233,204,251
8,230,20,229,23,310,11,311
20,252,28,251,33,312,25,313
277,244,411,254,410,316,275,307
196,305,202,305,208,306,210,305,217,306,222,307,228,308,227,326,221,325,216,325,211,323,206,324,202,324,196,324
11,318,23,306,58,392,46,403
268,331,304,342,349,341,375,344,413,336,451,305,475,288,504,346,481,364,420,408,379,417,348,414,306,415,270,404
26,318,35,312,46,350,38,356
66,332,79,330,98,328,119,323,129,322,147,318,164,315,166,331,149,334,131,338,121,339,99,344,80,346,68,348
88,346,99,344,109,343,123,340,136,339,153,334,164,333,165,349,155,350,137,355,124,356,110,359,99,360,89,361
103,361,167,350,168,362,103,373
40,360,55,345,70,380,55,395
68,385,87,380,98,379,122,374,136,370,157,367,171,364,173,384,158,387,138,390,124,393,99,398,88,400,69,404
73,404,171,384,172,398,74,417
131,458,173,451,174,464,131,471
539,463,544,463,544,472,539,472
526,479,541,472,543,482,528,489
79,586,93,585,132,585,159,582,204,581,236,581,251,581,251,594,236,594,204,593,159,595,132,598,93,597,78,599
