318,32,354,37,372,42,403,52,440,72,457,83,479,101,463,114,441,97,427,87,392,68,364,59,349,55,313,50
159,99,169,91,193,71,214,61,247,46,266,39,296,30,303,48,273,58,256,64,225,78,209,87,186,105,176,113
117,205,522,205,522,221,117,221
143,224,523,224,523,241,143,241
110,275,532,275,532,287,110,287
81,291,542,291,542,303,81,303
99,307,541,307,541,319,99,319
95,323,546,323,546,335,95,335
256,340,387,340,387,353,256,353
138,441,167,474,233,531,309,555,356,550,455,497,498,467,530,494,486,524,370,585,304,592,210,563,132,498,103,465
