30,245,105,256,102,292,28,283
571,268,638,268,638,334,571,334
23,284,40,284,55,284,72,287,83,289,105,293,114,295,111,322,103,319,82,316,71,314,53,311,42,312,25,312
404,330,412,315,429,295,447,287,469,293,484,310,495,325,488,336,477,320,465,307,447,302,432,309,419,326,411,341
427,329,470,329,470,344,427,344
165,384,239,390,238,422,165,416
438,401,459,403,459,412,438,410
182,418,222,422,221,435,182,430
429,426,435,428,444,432,450,431,454,431,460,428,467,426,470,433,463,436,455,440,450,440,444,441,433,437,427,435
52,426,78,428,77,440,52,438
419,432,428,441,436,448,446,452,458,449,463,447,476,438,479,447,467,456,459,460,446,462,433,458,423,450,414,440
184,434,210,434,210,449,184,449
