275,207,293,204,330,204,361,207,391,219,423,249,431,258,409,268,400,259,374,233,351,224,327,222,294,223,277,226
418,270,442,274,423,341,399,337
195,297,213,291,249,344,230,350
251,344,267,350,289,358,326,358,342,357,362,352,387,345,394,354,370,361,344,367,327,368,287,368,260,359,244,353
270,402,369,402,369,413,270,413
177,425,461,425,461,435,177,435
254,435,383,435,383,445,254,445
191,446,212,447,270,447,304,448,382,448,417,447,439,447,439,456,417,456,382,456,304,456,270,456,212,456,191,456
165,458,190,458,244,459,308,458,379,458,433,458,458,457,458,467,433,467,379,468,308,468,245,468,190,468,165,468
293,480,344,480,344,490,293,490
251,490,386,490,386,500,251,500
