183,137,209,110,250,82,303,64,358,72,415,102,442,122,434,140,407,120,354,93,303,85,255,102,218,128,192,155
197,162,432,156,433,184,198,191
290,196,341,196,341,226,290,226
163,235,190,235,246,232,309,236,390,230,420,230,448,229,448,250,421,251,390,251,309,256,246,253,190,256,163,256
151,262,178,260,242,258,320,257,363,258,426,257,454,256,454,277,427,277,363,278,320,277,242,278,178,281,151,282
176,283,205,284,242,286,319,282,389,282,436,282,465,282,465,304,435,304,389,305,319,305,242,309,205,307,175,306
163,310,461,310,461,331,163,331
171,344,200,345,250,348,319,345,357,345,419,346,449,347,449,368,420,368,356,368,319,368,250,370,200,367,170,366
207,370,236,371,265,371,307,372,358,375,379,375,409,376,409,398,380,397,357,397,307,394,265,393,236,393,207,392
162,407,460,410,460,431,162,428
193,431,220,432,256,435,299,434,352,434,396,435,422,436,423,457,396,456,352,455,299,455,256,456,220,453,193,452
203,461,226,460,272,461,308,459,357,464,385,460,412,459,411,480,385,481,357,484,308,480,272,482,226,480,202,481
266,488,278,488,292,487,311,486,323,488,338,489,354,493,353,512,337,508,322,507,311,505,292,506,280,507,267,507
