212,78,248,58,271,49,323,43,349,45,388,59,425,75,413,128,376,112,342,100,321,98,280,103,260,111,223,131
430,111,531,111,531,125,430,125
149,222,155,219,165,213,174,211,185,206,200,209,206,209,205,225,199,225,185,221,177,225,169,228,158,233,153,237
268,242,283,233,292,229,311,225,325,226,337,231,353,238,350,256,333,249,322,245,311,245,295,248,286,251,271,260
422,238,438,233,450,232,470,232,491,239,506,250,514,257,508,278,500,271,484,262,468,256,450,256,441,257,425,262
153,254,160,250,170,246,181,240,191,240,198,237,208,234,212,252,202,256,193,259,185,259,172,265,163,268,156,272
263,271,278,267,291,263,311,259,325,258,341,255,359,254,360,269,342,270,326,273,313,275,292,279,280,282,265,286
321,277,323,276,329,274,335,273,343,274,347,271,353,271,353,279,348,280,343,282,336,281,330,282,325,284,321,285
438,269,490,269,490,301,438,301
366,336,375,336,375,343,366,343
228,356,232,355,239,355,246,353,255,352,262,353,268,354,267,366,261,365,254,363,248,364,240,366,232,366,228,368
229,372,233,373,240,374,243,374,249,372,255,370,261,368,263,377,256,380,250,382,245,383,240,383,233,382,230,382
175,564,190,564,217,564,235,564,254,564,275,564,290,564,290,574,275,574,253,574,235,574,217,574,190,574,175,574
306,564,317,564,331,564,347,563,358,564,370,564,382,564,382,575,370,574,358,574,346,574,332,574,317,574,306,575
76,576,297,576,297,587,76,587
309,577,505,576,505,586,310,588
71,589,297,589,297,600,71,600
310,589,530,589,530,600,310,600
55,624,556,626,556,638,55,636
