111,229,134,190,161,153,203,118,251,94,327,85,358,83,359,107,327,109,256,117,213,139,176,170,151,203,128,242
373,92,382,95,389,97,397,100,408,105,412,106,421,108,417,129,408,126,400,124,391,120,384,117,376,115,367,112
431,139,452,118,530,213,509,233
337,270,503,267,504,302,338,305
219,273,304,271,305,305,219,307
337,344,535,340,536,374,338,378
164,347,306,345,307,380,165,381
356,546,390,536,404,531,434,514,459,490,481,464,496,441,513,457,498,479,474,507,446,534,413,553,397,559,363,568
150,450,157,461,168,473,181,488,195,501,216,517,226,524,214,545,204,539,181,521,166,508,151,491,140,477,133,467
354,519,364,516,381,510,395,503,411,495,431,480,440,472,452,492,443,499,421,516,405,525,388,533,370,539,359,542
292,484,357,480,358,503,294,507
205,475,219,485,247,503,277,513,291,518,322,521,347,524,347,549,322,546,288,543,271,537,238,526,209,507,195,498
234,531,268,540,263,563,229,553
282,547,348,551,347,574,280,570
