249,124,263,119,282,115,303,114,317,115,336,121,356,128,352,144,333,137,315,131,303,131,283,132,266,136,251,140
182,120,207,150,166,209,142,179
237,156,254,148,276,140,305,138,326,141,348,150,362,158,358,174,344,166,324,158,305,155,278,157,258,164,241,172
396,168,416,142,443,179,424,205
212,195,260,195,260,221,212,221
264,244,345,242,346,263,264,265
117,241,146,250,133,322,105,313
450,254,472,254,472,296,450,296
386,264,418,264,418,289,386,289
448,313,456,313,456,365,448,365
167,325,177,322,190,322,194,321,202,321,214,322,224,323,224,350,214,348,204,348,194,347,188,349,180,349,170,352
450,366,472,366,472,413,450,413
296,363,316,363,316,376,296,376
105,385,132,374,148,444,120,456
384,400,420,400,420,422,384,422
212,458,260,454,261,480,213,484
427,465,446,486,422,526,402,504
308,491,349,486,351,509,310,515
171,486,210,533,189,564,150,516
324,566,334,558,345,554,345,552,358,545,364,540,375,532,380,564,370,572,366,576,358,580,349,586,341,589,331,598
242,556,290,566,285,603,238,593
