83,58,90,44,104,20,121,8,142,7,163,14,180,24,175,36,158,26,141,20,123,21,110,31,98,51,92,65
88,82,100,102,117,125,135,131,153,130,178,104,191,89,200,99,187,114,156,145,134,146,113,139,91,111,79,91
0,147,5,136,12,124,22,109,37,94,52,82,59,78,63,88,56,93,41,103,28,118,18,132,12,142,7,153
212,99,225,84,290,176,277,191
0,190,280,195,279,315,0,309
0,309,268,309,268,422,0,422
352,312,455,314,454,356,352,354
355,353,451,353,451,397,355,397
24,476,54,477,83,477,143,476,181,473,211,470,240,465,242,487,212,492,182,495,143,499,83,499,53,499,23,498
147,591,158,588,182,579,192,575,206,568,221,555,236,543,242,553,227,566,211,579,196,587,185,592,160,601,149,604
13,542,25,553,42,567,62,579,85,587,99,590,117,592,116,607,98,605,83,602,58,593,37,580,18,566,6,554
