458,109,511,109,511,127,458,127
99,148,107,142,128,129,150,124,178,126,196,132,220,142,210,156,186,147,173,144,152,142,133,146,116,157,107,165
449,175,507,169,509,197,452,203
455,203,469,203,478,202,489,199,497,195,510,188,517,181,526,197,518,203,507,210,495,216,483,220,469,220,455,220
104,219,125,227,142,234,164,236,180,233,194,225,215,210,224,223,203,239,186,247,164,252,139,249,116,241,95,232
373,370,560,332,579,426,392,464
333,460,373,464,429,466,470,460,499,448,538,426,584,391,620,455,574,491,532,515,490,531,432,540,364,537,325,533
368,549,397,563,393,573,362,558
358,553,364,557,369,560,378,565,385,570,382,586,390,590,401,580,394,576,379,585,369,578,359,572,352,566,346,561
128,564,219,562,220,597,129,599
489,582,528,580,529,600,490,602
