171,52,466,54,466,86,171,82
228,90,249,90,292,88,318,88,343,88,373,88,394,90,393,114,373,114,343,114,318,111,292,114,249,114,228,116
265,120,370,120,370,147,265,147
226,190,253,190,305,190,352,190,405,190,457,187,485,187,485,217,457,217,405,219,352,219,305,219,253,219,225,219
495,266,512,249,532,234,564,234,585,238,609,257,624,272,616,297,601,285,580,270,563,264,535,264,518,278,501,295
534,264,585,268,585,293,533,289
238,299,366,299,366,340,238,340
542,299,582,299,582,356,542,356
95,361,105,363,121,365,136,363,150,365,164,363,177,363,177,386,163,386,151,388,136,388,120,388,105,386,94,386
277,365,297,365,331,365,360,363,377,365,414,367,433,369,433,392,414,390,377,390,360,388,332,388,297,388,276,390
97,407,220,413,220,437,97,433
274,405,408,409,408,441,274,437
96,449,253,449,253,477,96,477
287,452,315,452,377,452,447,452,527,449,572,452,599,452,599,481,572,481,527,479,447,481,376,483,315,481,288,481
94,496,110,496,140,498,165,496,191,494,219,494,236,494,236,513,219,515,191,515,165,517,140,517,110,515,94,515
282,492,306,492,358,494,422,496,468,494,521,494,545,492,545,519,521,521,468,521,422,523,358,521,305,519,281,519
96,538,104,538,117,538,130,540,139,536,155,540,163,538,161,559,153,561,139,557,131,561,115,559,104,559,96,559
467,540,508,536,509,559,468,561
96,580,113,580,131,580,155,580,175,580,197,578,218,576,217,601,196,604,175,608,155,608,132,606,113,608,95,608
272,580,296,582,333,580,370,582,413,582,455,582,482,580,482,612,455,612,413,614,370,614,333,610,296,612,272,612
