239,145,257,140,281,134,317,133,334,133,358,139,385,145,374,149,348,143,327,139,317,139,286,139,266,145,248,149
250,175,268,177,280,178,299,179,329,178,340,177,365,173,374,179,348,183,331,185,300,185,275,184,260,183,241,181
381,186,477,194,472,202,376,194
150,195,237,187,242,194,155,202
128,379,167,364,240,344,311,337,387,339,465,354,536,368,482,388,413,374,356,364,313,364,267,370,221,383,182,398
324,387,471,387,471,441,324,441
415,460,426,458,450,454,467,451,481,450,504,449,521,448,518,457,500,457,483,459,476,460,461,461,439,465,428,467
117,454,129,454,157,452,175,454,190,456,214,460,224,463,215,470,205,467,180,464,169,462,156,460,131,462,118,463
251,477,280,482,297,484,323,485,348,484,370,481,398,476,409,487,381,491,359,494,323,496,292,495,269,492,240,488
195,478,226,492,269,506,303,513,374,508,415,494,448,482,491,499,458,511,392,530,311,535,241,527,183,509,151,495
113,513,122,516,141,522,154,525,173,528,194,530,212,531,196,537,178,536,165,536,143,532,128,529,108,523,99,520
