19,20,79,20,79,47,19,47
307,23,371,23,371,49,307,49
54,229,76,229,112,227,151,229,178,229,197,229,226,227,226,242,200,243,178,244,149,244,112,242,76,243,54,243
358,232,376,231,417,232,435,231,468,232,492,231,519,231,519,247,492,247,470,247,433,247,415,247,376,247,358,247
195,289,380,289,380,314,195,314
0,333,178,329,180,378,2,380
226,342,241,345,263,349,296,350,316,349,334,346,358,341,362,359,338,366,323,369,294,370,259,369,235,365,217,362
0,392,46,392,120,395,208,393,305,397,384,400,431,403,422,431,378,430,299,426,208,424,123,424,43,421,0,421
0,437,158,437,158,528,0,528
0,547,241,540,244,579,0,586
