202,45,225,40,268,35,307,34,360,40,404,47,426,53,422,62,399,57,357,50,306,44,269,45,228,50,205,55
206,55,233,52,269,48,307,49,355,50,420,64,446,69,440,79,415,75,352,61,306,60,270,59,237,63,210,66
217,139,266,140,266,146,217,144
219,155,299,157,298,164,218,161
219,162,340,165,339,173,218,169
217,250,397,253,396,276,217,274
219,277,373,285,371,311,217,304
217,309,300,309,300,334,217,334
215,348,398,349,398,360,214,359
220,361,239,361,267,361,304,361,344,361,373,362,393,362,392,371,372,370,344,369,304,369,267,369,239,369,220,369
231,373,246,373,268,373,292,372,316,372,338,373,356,374,355,382,338,382,316,381,292,381,269,382,246,381,231,382
229,403,257,403,257,409,229,409
329,427,336,425,344,421,352,418,361,412,370,409,379,405,384,411,375,415,365,419,358,423,348,427,340,431,334,433
210,439,221,434,240,457,229,462
320,444,328,440,345,456,336,461
236,473,241,470,250,466,259,462,268,457,277,453,283,449,288,455,281,459,272,464,264,468,255,472,246,476,240,479
300,462,322,451,329,459,307,470
334,460,344,454,368,480,358,485
233,460,242,460,242,466,233,466
262,482,266,480,273,476,281,473,287,469,295,465,302,461,306,467,300,471,293,475,286,479,279,481,272,486,268,488
365,492,376,487,402,517,392,522
301,522,305,520,315,515,330,506,339,500,350,494,359,489,363,494,355,499,344,506,335,512,321,520,310,526,306,528
343,512,354,506,375,530,364,535
210,560,373,558,373,563,210,565
212,582,225,582,225,587,212,587
228,594,282,593,282,600,228,601
226,606,323,606,323,612,226,612
