242,177,409,177,409,305,242,305
26,483,564,483,564,508,26,508
609,487,617,487,617,503,609,503
219,508,368,508,368,595,219,595
596,515,639,515,639,584,596,584
429,526,475,526,475,563,429,563
14,600,37,600,37,620,14,620
67,600,91,600,91,620,67,620
121,600,143,600,143,620,121,620
169,599,175,599,180,599,184,600,189,599,196,599,202,598,202,619,196,621,191,621,186,621,178,621,174,621,168,620
225,600,254,600,254,620,225,620
280,600,308,600,308,620,280,620
328,599,335,599,341,599,345,600,351,599,355,621,362,619,364,599,358,600,351,621,347,621,339,621,334,621,328,620
382,597,388,599,393,600,398,601,403,599,409,600,415,599,415,621,408,622,404,621,398,622,392,621,387,621,381,619
434,597,441,599,447,600,450,601,455,599,463,599,469,597,467,618,460,621,456,621,452,622,445,621,440,621,434,619
492,600,521,600,521,620,492,620
542,597,549,599,555,600,558,601,565,599,570,600,576,599,576,621,570,622,565,621,560,622,553,621,548,621,542,619
600,600,629,600,629,620,600,620
