519,22,526,17,532,12,542,10,551,8,561,11,570,14,568,23,560,20,551,18,543,19,535,21,530,25,523,31
456,85,470,74,505,50,542,33,584,25,609,23,642,25,641,53,608,52,586,53,547,60,512,76,480,98,466,110
521,73,529,75,539,76,546,75,553,71,562,62,567,57,572,66,567,72,556,82,548,86,540,87,528,86,520,84
-6,197,400,62,418,158,11,294
471,129,485,125,512,116,556,104,586,96,610,88,624,84,625,95,611,100,588,107,557,115,514,127,487,135,473,140
490,535,561,535,561,574,490,574
181,593,275,593,275,638,181,638
505,602,605,602,605,638,505,638
482,618,500,618,500,638,482,638
455,623,485,623,485,638,455,638
