89,227,131,197,216,149,303,134,386,143,471,177,514,199,503,229,461,207,382,176,303,167,221,181,142,226,100,257
180,203,449,203,449,230,180,230
163,235,468,235,468,257,163,257
102,259,527,259,527,281,102,281
107,282,523,282,523,305,107,305
101,307,530,305,530,328,102,331
78,331,549,330,549,352,78,354
126,354,158,354,222,354,298,355,400,353,466,353,498,353,498,377,466,378,400,377,298,379,222,379,158,379,126,378
137,381,499,378,499,402,137,405
128,399,172,422,245,450,311,459,377,452,438,431,482,412,491,444,447,464,382,486,311,493,241,485,162,455,118,432
228,408,411,405,412,428,229,431
