631,49,662,90,572,220,541,178
135,225,187,150,234,98,306,73,351,81,420,142,477,203,447,244,391,183,336,135,307,131,251,152,220,186,168,261
512,325,556,275,653,438,609,488
177,314,206,355,272,430,310,440,345,433,408,364,446,316,470,342,432,389,357,472,312,482,260,468,184,384,155,343
19,300,54,314,22,473,-12,460
579,523,638,523,638,545,579,545
250,539,263,539,288,539,308,539,336,537,352,536,374,534,374,553,353,556,337,557,308,558,288,558,263,559,250,559
565,545,638,545,638,559,565,559
247,560,261,561,282,561,313,561,343,559,357,558,372,557,373,568,358,570,343,571,313,572,282,573,261,572,247,572
0,556,23,556,23,575,0,575
302,604,313,600,322,600,337,595,348,596,360,599,369,602,368,620,359,616,347,613,339,612,322,618,313,618,302,622
