484,119,508,124,530,126,559,131,579,134,605,134,634,136,634,161,606,158,580,159,557,155,528,150,510,148,486,143
513,166,529,169,546,169,552,170,569,159,589,153,603,143,604,171,590,181,572,187,561,196,546,197,528,197,511,194
539,210,623,186,633,248,549,272
221,219,477,211,478,232,221,240
274,243,295,242,325,241,338,240,360,240,385,239,408,238,409,260,385,260,361,262,338,262,325,262,296,263,275,264
125,276,521,262,522,285,125,298
125,293,595,267,596,302,126,328
123,321,555,304,556,329,124,346
612,323,623,319,631,358,620,362
411,345,433,343,451,341,491,340,515,339,533,337,555,335,556,351,534,353,516,355,491,357,451,357,433,359,411,361
625,367,636,367,636,394,625,394
552,451,605,436,628,580,575,595
396,466,452,455,465,571,410,582
