173,202,190,187,202,178,222,165,243,153,257,146,277,136,287,160,267,170,252,177,233,187,216,198,204,208,187,223
433,149,444,156,458,163,466,168,479,176,485,181,496,190,487,215,477,207,463,198,453,192,447,187,433,180,422,173
291,163,303,161,333,156,354,158,368,160,387,163,409,168,404,194,382,188,365,185,354,184,333,183,306,187,294,189
284,205,410,211,409,250,282,244
555,283,576,283,576,294,555,294
553,295,576,295,576,306,553,306
211,379,498,389,498,406,210,396
393,445,464,445,464,481,393,481
206,445,335,445,335,553,206,553
458,490,483,490,483,503,458,503
464,500,478,500,478,507,464,507
389,510,461,510,461,553,389,553
