140,129,354,129,354,181,140,181
159,197,183,198,210,199,250,200,278,198,316,199,340,198,338,233,313,234,279,234,252,236,208,234,183,234,158,233
312,256,344,256,344,262,312,262
252,259,296,259,296,267,252,267
173,261,178,261,186,261,194,262,200,261,207,261,212,260,212,268,206,269,201,268,194,269,185,269,178,268,173,268
34,296,46,281,56,271,69,266,83,268,102,277,110,283,106,293,98,287,81,280,70,278,59,282,51,290,40,305
260,270,288,270,288,280,260,280
310,273,346,273,346,281,310,281
164,275,174,275,183,275,196,274,202,274,212,274,221,275,221,284,212,284,202,283,196,284,183,285,174,284,163,285
316,281,340,281,340,289,316,289
260,298,290,298,290,307,260,307
314,298,344,298,344,306,314,306
157,305,166,305,178,304,192,304,208,303,222,302,233,301,233,312,222,313,208,314,192,314,178,315,166,315,157,316
314,307,342,307,342,314,314,314
252,309,296,309,296,318,252,318
163,320,172,320,184,319,194,318,208,317,217,317,226,317,226,325,216,326,209,326,194,328,184,328,172,328,163,329
314,322,344,322,344,330,314,330
309,331,346,330,346,338,310,339
184,333,208,333,208,342,184,342
264,337,288,337,288,345,264,345
250,347,300,347,300,355,250,355
318,349,344,349,344,355,318,355
169,357,178,357,189,358,198,356,207,356,214,356,224,357,224,366,215,365,206,365,198,365,189,368,178,366,169,367
56,360,94,366,93,377,56,371
92,362,98,362,98,369,92,369
312,369,343,366,344,374,312,377
168,370,176,370,188,370,195,370,208,369,216,369,225,369,225,379,216,380,208,380,195,380,188,380,176,380,169,380
262,374,290,374,290,382,262,382
260,385,292,385,292,393,260,393
307,386,349,382,350,392,308,395
306,394,348,392,348,400,306,402
180,400,218,400,218,410,180,410
252,409,299,406,300,415,252,417
311,413,345,411,346,419,312,421
171,413,225,412,226,422,172,424
264,418,288,418,288,425,264,425
318,421,338,419,339,427,318,429
258,428,294,426,294,435,258,437
312,429,346,429,346,437,312,437
188,438,206,438,206,448,188,448
264,438,290,438,290,446,264,446
320,445,334,445,334,453,320,453
164,453,171,452,183,451,199,450,209,450,218,450,228,450,228,459,219,459,209,459,199,459,183,460,171,461,164,462
340,453,350,453,350,459,340,459
305,456,338,452,339,460,306,462
278,458,292,458,292,464,278,464
312,469,344,469,344,475,312,475
266,469,288,469,288,477,266,477
320,477,338,477,338,483,320,483
173,480,184,481,193,482,199,481,210,480,219,480,227,479,226,490,218,490,211,490,199,491,193,492,184,491,173,491
310,485,344,481,345,489,310,492
262,490,292,490,292,498,262,498
177,496,221,493,222,503,178,506
308,499,348,494,349,502,308,507
268,499,286,499,286,507,268,507
