39,68,69,67,110,66,160,67,205,67,250,67,283,67,283,81,250,81,205,81,161,81,110,78,69,81,41,81
45,83,72,83,113,83,167,83,219,83,283,83,310,82,310,93,283,93,219,93,167,94,113,94,72,94,45,94
39,97,60,97,110,97,155,97,193,97,237,97,264,98,264,108,236,108,193,107,155,107,110,108,62,107,41,107
39,110,312,110,312,121,39,121
41,123,65,123,104,124,158,123,198,123,249,124,281,124,280,136,247,136,196,135,157,135,104,136,65,135,41,135
35,138,63,138,104,139,147,138,192,139,235,138,263,138,263,148,235,148,192,149,147,148,104,149,63,148,35,148
39,167,291,167,291,178,39,178
39,180,65,180,106,180,152,180,193,180,252,180,284,180,284,192,252,192,193,192,152,192,106,192,65,192,41,192
41,195,69,195,110,195,167,195,209,196,250,195,278,195,278,205,250,205,209,206,165,205,110,205,69,205,41,205
431,196,495,196,495,235,431,235
39,208,69,208,116,208,174,208,213,208,263,208,295,208,295,220,263,220,213,220,174,220,116,220,69,220,41,220
42,224,65,224,65,234,42,234
397,390,430,390,430,422,397,422
31,449,607,438,613,551,35,564
