570,74,625,74,625,83,570,83
476,207,484,200,503,188,519,185,532,188,549,197,560,205,555,220,544,212,528,203,518,202,507,205,488,216,480,224
264,236,272,236,284,236,294,236,306,236,320,237,328,237,327,250,319,249,305,247,294,249,284,249,272,249,264,249
221,252,236,251,264,250,303,250,327,249,345,251,361,251,360,263,344,263,327,261,303,262,264,262,237,263,221,264
253,262,340,267,340,276,253,272
232,306,280,301,281,310,232,316
241,318,257,322,282,325,309,325,336,322,360,313,374,308,377,324,364,329,338,339,309,341,281,342,255,338,239,335
502,342,532,342,532,357,502,357
49,499,94,495,156,491,224,489,324,490,392,490,436,490,436,526,392,526,324,526,224,525,157,527,94,530,49,535
572,513,606,513,606,522,572,522
544,530,597,534,596,550,543,547
32,541,58,541,144,540,201,540,265,540,318,541,344,541,344,562,318,562,265,561,201,561,144,561,58,562,32,562
548,547,557,547,568,547,578,547,588,548,597,547,608,548,608,564,596,564,588,564,578,563,568,564,557,563,548,563
553,563,615,563,615,573,553,573
25,590,132,590,132,603,25,603
