364,28,373,29,395,30,411,33,423,35,435,37,451,40,449,50,433,48,419,45,406,44,391,41,372,40,363,39
158,44,170,41,186,40,202,36,225,33,238,34,253,34,252,43,237,42,225,42,205,44,190,48,170,50,158,52
55,35,68,35,82,36,100,37,116,41,126,43,137,46,135,54,123,51,112,49,95,45,82,44,67,43,55,43
128,80,182,80,182,112,128,112
309,155,345,155,345,162,309,162
372,156,382,155,390,155,402,155,412,155,422,155,428,156,428,164,421,163,412,163,401,163,391,163,381,163,372,164
50,182,80,168,112,158,133,155,168,157,196,164,234,175,208,189,171,179,158,177,137,176,121,178,105,183,74,197
344,178,388,178,388,200,344,200
458,261,480,261,480,266,458,266
88,277,104,282,126,286,155,289,169,286,185,281,208,271,220,290,198,300,180,305,157,309,119,305,94,301,78,296
291,366,344,366,344,400,291,400
101,396,110,393,129,391,145,390,169,392,186,396,196,398,190,409,181,407,164,403,145,401,130,402,116,404,107,406
123,414,164,414,164,445,123,445
531,427,572,427,572,435,531,435
355,431,366,433,379,436,390,436,407,436,418,434,429,432,434,442,422,444,408,445,391,446,377,446,362,442,351,440
273,540,290,538,310,540,329,532,348,527,369,523,385,519,394,540,378,544,365,545,340,552,327,558,305,557,289,559
197,569,574,517,601,593,224,645
212,557,286,557,286,583,212,583
