65,86,500,-18,511,73,76,178
145,166,228,150,281,135,392,118,441,104,522,89,595,71,603,140,530,159,448,174,399,189,286,206,240,219,157,235
457,221,466,210,478,196,496,183,512,177,527,176,537,176,538,190,528,190,514,191,500,196,483,209,472,221,464,232
544,178,553,181,561,185,567,188,575,195,583,203,589,209,583,221,578,215,569,208,562,201,557,198,550,195,541,192
444,309,495,309,495,328,444,328
571,338,609,336,610,360,572,362
604,418,638,414,641,451,606,455
570,441,577,437,581,436,590,429,591,427,596,424,604,414,615,428,607,437,600,443,595,448,590,452,579,458,573,461
548,489,559,479,577,466,591,457,606,453,629,448,642,447,648,481,635,482,612,487,598,491,586,499,572,509,561,519
376,513,447,501,451,550,380,562
