95,114,143,100,216,85,302,80,407,92,450,101,526,123,504,157,427,134,395,129,301,118,224,122,162,135,114,149
264,130,297,127,319,125,348,131,378,138,410,153,425,160,415,176,401,168,365,153,340,147,316,142,303,144,269,147
282,282,389,279,390,304,283,307
150,315,189,313,252,312,320,311,382,314,427,312,471,311,472,329,428,330,381,332,319,330,253,330,189,332,151,333
110,336,502,336,502,357,110,357
170,366,462,363,463,396,170,400
107,406,519,398,521,432,109,440
161,443,471,436,473,470,162,477
112,480,517,474,518,506,113,512
109,521,519,509,521,542,110,554
