266,121,289,116,315,112,350,109,400,104,422,107,453,110,448,126,418,123,400,120,352,125,317,128,288,132,265,137
171,128,466,128,466,225,171,225
250,232,385,225,387,258,251,264
256,261,387,258,387,290,256,293
185,390,215,389,279,391,313,386,385,376,431,368,467,358,472,388,436,398,391,406,319,417,283,421,209,419,179,420
468,388,481,388,481,396,468,396
403,476,419,475,445,471,465,469,491,464,512,458,532,451,537,462,516,468,494,474,468,480,446,482,421,486,405,487
496,487,516,484,518,491,497,494
473,490,487,490,487,499,473,499
501,493,521,493,521,505,501,505
382,503,458,495,459,506,383,513
424,510,436,510,449,508,455,508,469,504,480,503,492,499,493,509,481,512,471,514,459,517,450,517,438,520,425,520
391,513,414,513,414,525,391,525
354,557,373,555,408,552,450,545,473,541,500,533,518,528,522,537,504,542,475,550,452,555,409,562,374,565,355,566
430,529,455,525,457,537,432,540
395,533,412,533,412,544,395,544
