501,12,616,12,616,31,501,31
72,23,125,11,127,41,75,52
202,31,469,28,469,64,202,67
101,48,124,48,124,64,101,64
73,59,88,59,88,84,73,84
32,79,37,80,41,82,42,82,48,80,50,82,57,80,62,94,55,95,48,96,44,97,39,97,33,95,29,94
310,136,404,134,404,160,310,162
20,140,102,138,102,162,21,165
381,215,424,215,424,239,381,239
19,218,90,218,90,243,19,243
573,218,590,218,590,238,573,238
225,261,302,261,302,281,225,281
323,261,373,261,373,280,323,280
399,261,455,261,455,280,399,280
476,261,620,261,620,280,476,280
45,263,103,263,103,281,45,281
45,281,52,282,65,282,73,283,83,282,97,281,104,280,105,297,98,298,83,299,73,300,65,299,52,300,45,298
245,280,280,280,280,300,245,300
331,280,365,280,365,298,331,298
489,280,522,280,522,298,489,298
410,281,444,281,444,300,410,300
565,281,599,281,599,300,565,300
140,493,186,493,186,513,140,513
416,493,431,493,453,493,476,491,495,491,524,494,539,495,538,514,523,514,495,510,477,511,453,513,431,511,416,512
