4,265,66,190,197,55,322,32,450,63,557,163,635,258,580,301,503,206,423,127,322,101,226,118,121,232,60,307
272,176,354,177,353,210,271,208
177,224,460,224,460,256,177,256
209,269,415,268,416,300,210,302
196,327,442,327,442,344,196,344
164,348,471,348,471,366,164,366
130,372,512,370,512,388,130,390
128,393,512,393,512,411,128,411
210,416,429,415,429,433,210,434
87,428,111,460,144,500,166,517,202,539,242,559,285,576,274,609,231,591,187,570,146,545,120,524,84,481,60,449
169,438,478,438,478,456,169,456
347,570,387,558,434,540,457,527,491,501,526,462,553,431,582,452,556,484,515,527,478,557,450,572,398,593,357,605
