200,73,422,73,422,98,200,98
192,102,429,107,428,118,192,113
191,116,428,118,428,129,191,127
267,128,427,132,426,144,267,140
198,141,204,137,211,135,221,132,226,135,233,135,240,140,238,147,232,143,225,143,220,140,212,142,206,145,200,148
266,143,428,145,428,156,266,153
266,155,430,158,429,168,266,165
267,167,429,172,428,183,266,178
215,170,226,170,226,182,215,182
200,173,205,176,212,179,219,180,225,180,230,176,237,171,240,185,233,190,229,193,217,195,210,193,203,190,198,187
266,182,430,184,429,195,266,193
205,190,209,193,215,195,219,196,224,193,230,191,234,188,236,198,233,201,226,203,219,207,213,205,207,203,204,200
265,196,369,196,369,206,265,206
276,209,429,209,429,221,276,221
200,225,207,228,218,230,225,228,231,225,239,218,245,210,250,218,243,225,235,234,226,238,217,240,207,238,199,236
265,222,373,224,373,235,265,233
337,255,406,258,405,268,337,265
221,333,339,338,338,358,220,353
220,361,404,363,403,384,219,381
219,386,236,387,250,388,270,388,280,388,302,389,315,389,314,406,301,406,281,406,270,405,250,405,237,404,219,403
222,413,236,413,248,414,263,414,283,414,298,416,313,416,312,433,297,432,283,431,263,431,248,431,236,430,221,430
218,436,336,436,336,455,218,455
217,460,236,460,253,461,280,459,298,458,332,460,343,460,343,478,331,478,297,477,280,477,253,480,236,478,217,478
255,481,375,481,375,500,255,500
250,562,361,562,361,581,250,581
190,585,204,585,248,586,294,586,361,587,395,587,409,587,409,598,395,598,361,599,294,598,248,598,204,597,190,597
