468,148,500,148,500,161,468,161
174,159,194,159,204,159,230,161,245,165,262,174,279,185,275,199,258,188,241,179,229,176,204,174,195,173,175,173
100,192,114,194,111,238,96,236
60,207,73,207,73,230,60,230
232,215,250,215,250,244,232,244
63,254,72,254,88,255,100,255,111,255,125,252,134,250,135,267,126,269,112,272,101,272,88,272,72,271,63,271
215,266,258,266,258,292,215,292
45,281,59,281,95,281,113,281,145,279,165,279,187,278,188,295,166,296,145,296,113,298,95,298,59,299,45,298
295,315,300,314,307,312,312,312,319,311,324,311,330,311,330,325,324,325,319,326,313,326,308,327,302,328,296,329
388,311,429,311,429,327,388,327
473,325,544,325,544,343,473,343
299,329,341,327,342,346,300,348
52,370,57,363,62,357,69,350,80,344,85,344,92,343,98,358,91,359,84,360,75,365,69,371,66,375,61,382
148,376,166,381,187,384,209,381,222,374,246,357,257,347,263,361,253,372,227,389,212,398,187,401,164,398,146,393
542,361,638,353,639,374,543,383
309,363,365,363,365,393,309,393
450,363,507,367,506,393,449,389
48,391,58,387,77,379,87,376,104,375,123,373,133,374,134,401,124,400,107,401,88,403,82,405,64,413,55,417
60,420,121,420,121,448,60,448
40,456,51,458,69,460,89,461,103,458,120,454,126,451,129,470,122,473,105,477,90,480,69,480,51,478,40,475
