72,47,284,50,284,75,72,73
308,157,325,141,364,113,409,100,455,106,480,112,519,130,508,182,469,164,451,160,411,154,372,165,339,191,322,206
352,282,496,284,495,317,352,315
116,287,131,296,155,308,187,314,199,317,235,308,250,304,253,352,237,355,201,364,187,362,147,355,122,342,107,333
322,321,537,331,536,360,321,350
296,367,323,368,374,367,419,370,475,370,524,370,551,370,552,394,525,395,475,394,419,395,374,391,323,393,296,392
315,403,551,407,551,432,315,427
32,429,182,433,181,457,32,453
320,508,340,495,363,483,388,470,422,457,452,448,471,444,474,470,455,474,426,483,393,495,368,507,346,520,324,533
106,472,261,472,261,496,106,496
441,481,622,481,622,507,441,507
411,507,435,507,462,507,502,507,530,509,566,508,591,507,589,529,565,530,530,531,502,530,462,530,435,529,410,529
165,557,448,560,447,587,165,583
