88,79,154,69,213,62,308,59,376,62,463,70,540,79,527,114,450,104,369,97,307,95,220,98,167,104,101,114
259,128,270,127,294,125,310,125,335,125,350,127,369,129,365,141,346,139,334,138,310,137,296,138,272,140,261,141
162,251,170,248,193,242,208,236,222,232,247,227,260,225,263,236,251,238,227,242,218,245,202,251,176,258,168,261
369,224,381,228,399,233,415,238,428,244,445,249,457,253,446,262,435,258,419,254,405,247,389,243,377,239,365,235
215,295,245,301,275,306,316,308,336,308,357,305,399,299,412,334,370,340,346,343,313,345,263,341,231,336,201,330
246,363,379,363,379,378,246,378
466,373,502,373,502,385,466,385
125,366,143,380,158,386,186,398,201,398,232,395,253,391,260,404,239,407,202,411,179,409,145,397,132,390,114,377
370,385,394,390,405,392,424,392,438,391,463,386,474,384,479,396,469,399,442,404,427,405,400,404,388,402,365,397
200,440,424,440,424,455,200,455
85,458,121,458,210,458,329,458,400,458,476,458,512,459,512,471,476,470,400,470,329,470,210,470,121,470,85,470
68,468,553,468,553,504,68,504
123,503,156,502,220,501,296,501,367,503,466,501,498,501,498,512,466,512,367,514,296,512,220,512,156,513,123,513
142,511,170,511,244,512,320,513,356,512,420,512,448,512,448,522,419,523,355,523,320,523,244,523,170,521,142,521
222,522,400,522,400,536,222,536
62,543,572,547,571,577,61,573
