283,85,464,112,452,157,271,130
84,166,144,132,172,159,111,193
300,141,459,157,451,203,292,188
111,184,161,184,161,232,111,232
318,203,448,217,445,233,315,219
302,221,466,238,463,254,299,237
304,347,323,345,360,344,394,344,430,348,466,354,498,361,492,387,459,380,422,374,392,371,360,371,322,372,304,374
72,408,84,402,103,393,122,386,133,381,145,379,159,376,178,393,164,396,147,400,133,405,119,411,102,419,90,425
335,376,346,375,358,376,372,375,385,375,403,376,410,377,409,388,402,388,383,386,372,386,359,387,346,387,335,387
440,382,466,384,464,394,438,392
425,419,431,417,443,413,456,406,460,402,470,390,472,386,482,390,480,394,469,407,464,412,449,420,436,425,430,426
121,411,128,410,134,408,140,407,147,404,153,403,162,400,170,408,161,411,152,414,145,416,139,418,133,419,126,420
86,429,106,420,112,429,93,438
307,479,345,480,369,481,409,482,451,485,493,486,520,488,518,506,491,505,450,503,407,501,368,500,344,499,306,498
353,509,489,513,488,532,352,528
154,608,254,608,254,638,154,638
598,617,623,617,623,630,598,630
