218,7,243,-5,251,3,226,16
214,28,220,26,230,21,240,18,243,15,250,13,258,9,265,17,257,22,249,25,245,27,236,30,227,34,221,36
249,152,273,150,291,148,323,147,340,144,373,143,391,142,392,155,374,156,340,157,325,160,293,161,276,163,252,165
273,167,355,162,357,182,275,187
237,200,401,189,404,219,240,230
214,243,244,238,269,236,308,231,351,229,390,228,420,228,420,242,390,242,351,243,310,245,272,250,247,252,217,256
213,277,427,263,429,278,215,292
222,297,246,295,279,292,323,290,374,286,408,285,433,283,433,295,408,296,375,298,324,301,280,304,248,306,224,308
215,323,318,316,319,329,217,337
216,340,323,334,324,348,217,354
219,357,250,356,288,354,318,352,370,349,403,347,430,345,431,359,404,360,372,363,319,365,290,368,251,369,220,371
216,376,243,375,279,373,320,371,351,369,391,366,419,364,421,377,393,379,352,382,321,384,280,385,244,387,216,389
215,392,230,393,258,394,280,393,306,391,326,390,351,388,352,399,328,401,306,403,280,404,260,405,230,404,214,404
215,410,240,410,280,410,317,408,355,406,386,403,414,400,416,413,388,416,356,419,318,421,281,422,240,423,216,423
221,436,317,436,317,450,221,450
318,451,424,441,425,452,320,462
368,459,435,451,436,459,370,467
218,453,227,453,238,453,253,452,265,452,281,452,292,452,292,462,281,462,265,462,254,462,239,462,226,462,218,462
289,463,348,461,348,469,290,471
394,466,434,460,436,468,396,474
221,464,275,464,275,472,221,472
220,471,234,472,263,472,293,472,322,471,350,470,369,470,370,478,351,479,323,479,294,481,263,481,234,480,220,480
