258,-51,383,51,74,425,-50,322
394,44,412,49,441,59,465,70,490,85,520,113,534,126,508,151,495,138,468,114,446,101,425,91,403,83,385,78
334,201,422,197,423,222,335,226
199,200,313,200,313,229,199,229
253,251,332,254,331,283,252,280
151,302,492,299,493,332,151,334
291,353,472,353,472,384,291,384
182,355,254,355,254,384,182,384
184,406,279,406,279,439,184,439
331,406,464,406,464,436,331,436
297,420,307,420,307,430,297,430
96,431,130,474,181,523,242,555,343,569,399,560,469,540,481,579,411,599,343,609,231,594,160,558,100,500,66,457
628,522,638,522,638,538,628,538
620,575,637,575,637,592,620,592
603,632,636,632,636,638,603,638
581,632,590,632,590,638,581,638
588,632,597,632,597,638,588,638
567,634,574,634,574,638,567,638
554,635,566,635,566,638,554,638
