282,39,316,28,322,60,288,71
316,58,321,58,321,70,316,70
318,69,323,69,323,87,318,87
282,95,289,93,296,139,289,140
110,238,304,238,304,262,110,262
381,384,389,373,411,345,433,318,451,293,471,271,487,250,499,266,483,286,463,309,445,334,423,361,401,389,393,400
110,268,160,268,160,290,110,290
257,268,267,268,267,284,257,284
133,291,205,291,205,312,133,312
251,301,271,301,271,320,251,320
115,316,228,313,229,336,116,339
412,385,419,377,430,364,439,354,451,340,460,328,467,318,478,330,471,339,461,353,447,368,440,377,428,391,420,399
404,420,415,410,431,399,443,379,464,358,479,342,492,328,503,343,489,356,474,373,454,393,441,414,425,425,413,436
519,331,529,331,529,353,519,353
248,338,279,336,280,357,249,359
117,337,212,337,212,363,117,363
521,361,537,361,537,390,521,390
407,448,414,441,426,432,438,417,453,401,468,392,477,386,488,404,480,410,464,419,449,436,437,450,426,458,419,465
411,481,418,475,432,463,442,453,450,446,460,432,468,422,478,437,470,447,460,461,451,468,441,479,427,491,421,496
284,498,289,492,305,478,310,473,321,461,336,460,347,456,353,470,342,474,325,477,318,485,312,491,298,503,294,508
289,521,294,516,297,512,308,500,313,495,320,488,325,484,334,495,329,499,320,508,316,512,307,522,302,528,297,533
