21,48,304,7,308,117,25,156
562,73,600,73,600,111,562,111
550,125,562,134,573,144,579,142,588,144,600,127,611,111,620,131,608,146,594,167,580,167,570,169,554,156,542,146
357,100,532,107,531,194,356,186
34,160,304,100,310,215,41,275
305,177,580,177,580,273,305,273
258,293,361,296,361,360,258,358
270,362,358,362,358,449,270,449
239,443,257,445,284,447,311,447,345,445,362,445,393,443,401,506,370,508,346,510,311,512,282,512,256,510,239,508
305,545,376,551,375,586,304,582
282,580,374,580,374,634,282,634
