70,14,629,3,631,80,72,92
551,76,629,74,629,90,552,92
18,110,612,102,613,176,19,186
364,186,397,208,350,275,317,253
364,273,378,254,390,246,409,214,431,199,462,192,487,188,491,220,465,223,448,226,435,234,416,265,399,279,385,299
21,218,225,218,225,238,21,238
75,246,173,248,171,306,73,303
308,264,339,286,298,345,266,322
358,280,391,308,313,398,281,369
71,321,183,317,185,367,72,371
58,390,198,390,198,440,58,440
384,430,568,430,568,473,384,473
2,456,260,456,260,508,2,508
395,478,557,482,557,524,395,522
59,523,210,523,210,573,59,573
436,534,511,534,511,570,436,570
368,581,581,584,580,624,367,621
86,608,103,605,122,603,139,597,162,586,193,584,210,580,207,613,190,618,168,620,152,627,133,634,109,638,93,642
