439,0,457,0,455,74,437,73
484,4,507,3,510,105,487,106
40,61,164,61,164,100,40,100
263,96,287,94,315,94,344,95,382,101,397,103,422,108,416,117,391,112,377,110,342,104,316,104,287,104,263,106
49,183,66,183,66,197,49,197
167,245,184,235,202,226,216,219,235,211,255,203,274,196,280,203,261,210,242,218,223,226,211,233,193,242,176,252
59,204,77,205,70,270,52,269
410,209,443,207,444,211,411,213
552,245,604,251,561,413,509,407
34,233,46,232,49,282,37,283
524,252,536,255,511,300,499,297
396,295,402,291,417,284,428,279,443,272,461,266,473,262,481,270,469,274,450,281,437,287,426,292,410,299,404,302
107,299,122,302,108,334,93,331
588,338,603,342,569,390,554,386
180,364,206,369,232,374,257,377,285,377,315,377,335,375,336,386,316,388,285,388,256,388,228,385,201,380,175,375
514,411,534,411,534,426,514,426
404,455,415,452,429,447,447,439,464,431,473,426,487,417,495,423,481,432,471,438,454,446,435,453,421,459,410,462
315,635,323,630,337,622,352,612,363,608,374,601,387,595,400,606,388,611,375,619,365,623,350,633,340,638,333,643
