484,78,616,78,616,104,484,104
32,80,153,80,153,192,32,192
478,114,616,114,616,140,478,140
1,238,37,219,102,181,142,164,177,147,231,136,269,130,275,214,237,220,188,230,150,248,123,260,62,295,26,313
491,152,616,152,616,177,491,177
399,188,616,188,616,214,399,214
142,270,157,261,183,246,211,228,232,217,262,207,273,204,282,238,270,241,239,252,217,263,189,281,168,293,153,302
524,260,615,260,615,292,524,292
419,300,443,298,488,295,521,296,549,297,586,297,614,299,614,328,586,327,549,326,521,325,488,324,443,328,419,329
351,369,380,369,427,372,478,370,529,370,571,371,603,371,602,400,570,400,529,399,478,399,428,401,379,398,351,398
355,406,385,408,414,411,479,410,521,407,568,407,597,404,597,432,567,434,521,434,479,438,414,438,384,436,355,434
565,446,615,446,615,472,565,472
60,536,108,536,108,561,60,561
478,537,616,537,616,561,478,561
