67,21,269,21,269,31,67,31
493,33,508,33,508,43,493,43
68,36,335,44,330,102,64,94
433,44,572,44,572,57,433,57
424,58,452,58,469,58,495,57,524,57,554,57,578,57,578,69,554,69,524,69,496,69,469,71,452,70,424,70
449,70,558,70,558,82,449,82
451,87,464,88,489,87,501,88,525,86,543,87,561,86,560,93,541,94,526,93,503,95,488,94,464,95,451,94
100,99,122,100,159,101,185,101,221,101,254,101,279,101,279,110,254,110,220,109,185,109,158,110,122,108,100,108
110,257,147,232,221,193,305,183,412,194,471,219,546,259,509,280,434,240,393,222,305,213,241,221,182,254,145,279
299,247,353,247,353,261,299,261
298,260,353,260,353,280,298,280
232,280,265,280,297,280,315,280,349,282,374,280,407,280,406,301,373,301,348,303,315,300,297,300,265,300,232,300
398,293,407,293,407,299,398,299
277,301,371,301,371,314,277,314
114,330,147,331,258,332,305,332,388,333,482,334,515,334,514,345,482,345,388,344,305,343,258,343,147,342,114,341
103,343,132,343,215,343,322,345,381,343,470,344,499,344,499,353,469,354,381,353,322,354,214,353,132,353,103,353
90,352,546,354,545,364,90,362
90,362,407,364,407,373,90,372
118,371,147,372,226,373,319,374,386,374,488,374,517,374,517,384,488,384,386,384,318,385,226,383,147,382,118,381
108,383,137,383,218,383,298,383,384,383,463,384,492,384,492,394,462,393,384,393,298,392,217,392,137,392,108,392
110,392,136,392,251,394,335,395,392,395,465,395,490,395,489,404,465,404,392,404,335,403,251,402,136,401,110,400
139,403,164,404,215,404,296,405,386,405,490,406,515,406,514,414,490,414,386,413,296,413,214,412,164,412,139,412
115,413,144,413,240,414,302,413,386,414,468,414,497,414,497,424,468,424,386,425,302,423,240,424,144,423,115,423
90,423,546,424,545,435,90,433
89,432,544,435,544,446,88,443
89,443,544,445,544,455,88,453
88,453,96,453,104,453,115,453,126,453,134,453,142,453,142,463,134,463,126,463,114,463,106,462,94,463,86,463
118,463,147,463,223,464,326,465,388,465,500,465,529,465,529,475,500,475,388,475,325,474,223,473,147,473,118,473
106,473,136,473,247,474,334,475,392,475,463,475,492,474,492,484,462,485,392,485,334,486,246,484,135,483,106,483
89,484,544,486,544,496,89,494
89,493,544,496,544,506,88,503
89,504,544,505,544,516,89,514
102,514,131,514,246,516,298,515,381,515,497,515,526,515,525,525,497,525,381,525,298,525,246,526,130,524,101,524
110,524,136,524,221,526,319,526,401,525,467,526,491,526,491,534,466,534,401,534,318,535,221,534,135,533,110,533
87,536,105,536,153,534,181,535,217,535,246,535,275,535,274,545,245,545,217,545,181,545,153,543,105,545,87,545
185,573,539,573,539,583,185,583
