191,84,197,85,208,87,216,88,225,90,235,96,243,100,237,108,229,104,223,101,212,98,206,97,195,95,188,94
166,97,222,110,275,123,322,134,402,156,442,167,498,181,490,215,433,199,393,189,312,168,265,155,215,143,157,129
136,129,325,183,316,214,127,162
123,168,144,175,164,179,179,186,200,191,223,198,233,200,227,219,217,217,195,210,173,204,157,199,140,194,119,187
113,191,134,197,164,206,192,214,221,222,255,232,276,238,270,257,249,250,216,241,187,233,158,224,129,216,108,210
401,212,421,217,438,222,445,223,461,229,480,234,493,238,485,265,471,261,453,256,439,252,430,248,416,245,396,240
393,272,405,275,423,279,436,282,448,286,463,290,473,294,467,316,455,313,441,309,430,305,416,302,399,296,387,294
469,309,665,374,588,605,393,541
399,323,454,339,401,508,346,490
485,377,536,394,497,520,445,505
447,387,476,397,450,483,422,474
419,394,446,401,430,461,403,453
230,523,402,595,385,634,213,563
