226,208,240,206,264,201,286,200,307,202,325,204,343,208,340,217,322,213,306,210,286,209,266,210,243,214,230,217
152,298,179,272,240,225,294,218,337,224,398,268,432,297,399,312,366,283,322,250,293,247,253,252,211,288,184,314
575,237,626,237,626,244,575,244
550,249,631,249,631,269,550,269
318,271,330,263,357,283,346,292
552,269,638,269,638,285,552,285
567,289,635,289,635,298,567,298
166,335,411,337,411,377,165,375
241,390,283,390,283,396,241,396
297,390,339,390,339,396,297,396
211,393,226,390,240,440,225,443
352,392,361,393,359,412,350,411
243,396,280,396,280,402,243,402
296,396,334,396,334,402,296,402
172,399,177,399,180,399,183,399,190,399,189,407,195,407,198,399,193,399,187,407,184,407,180,407,175,407,170,407
381,399,406,399,406,409,381,409
184,408,212,433,254,467,276,471,311,471,360,443,400,419,434,439,394,462,323,501,277,502,239,497,176,450,147,425
197,491,217,500,247,509,282,512,320,509,357,498,378,491,384,499,363,506,322,518,282,521,245,518,212,508,191,499
