451,273,539,236,769,161,973,145,1180,160,1351,200,1439,225,1416,271,1328,246,1172,211,972,197,776,212,562,282,473,319
545,336,1456,349,1454,449,543,436
799,464,1194,464,1194,562,799,562
763,601,1224,601,1224,667,763,667
433,678,544,677,738,675,1022,676,1193,678,1390,685,1501,689,1498,752,1388,748,1192,741,1022,739,738,738,544,740,433,741
429,750,532,749,789,749,966,749,1199,754,1346,757,1449,760,1446,820,1343,817,1198,813,965,808,789,809,532,808,429,810
601,819,1389,830,1388,890,601,880
557,895,660,896,834,897,960,899,1133,902,1393,909,1497,911,1494,970,1391,967,1132,960,959,958,834,956,661,955,558,954
656,965,1327,981,1325,1050,654,1034
733,1046,1257,1054,1257,1115,732,1108
