484,293,602,226,741,169,1003,144,1295,215,1528,344,1636,424,1596,477,1488,397,1273,278,999,210,755,234,635,284,517,351
912,235,1068,235,1068,336,912,336
665,329,1315,346,1313,430,663,414
526,421,676,419,836,413,1009,423,1127,423,1322,436,1473,443,1469,530,1319,523,1123,510,1008,510,833,500,675,507,524,508
460,497,1505,520,1503,612,457,589
453,590,1519,605,1518,691,452,676
627,1427,826,1446,1248,1417,1376,1364,1601,1149,1693,844,1736,658,1832,670,1790,855,1680,1206,1429,1446,1270,1512,816,1543,617,1524
51,733,243,641,621,1427,430,1519
346,677,1627,698,1625,788,344,767
434,747,580,763,758,769,1003,791,1157,782,1324,777,1490,760,1489,855,1323,872,1160,877,996,886,752,864,582,858,436,842
417,859,1548,890,1545,989,414,957
453,966,1501,981,1500,1085,452,1070
588,1061,1382,1071,1380,1168,586,1157
633,1182,1326,1182,1326,1270,633,1270
717,1275,1221,1298,1217,1398,713,1374
