899,166,946,127,1026,77,1098,74,1166,111,1208,203,1231,267,1195,276,1172,212,1140,138,1087,110,1031,114,970,155,923,194
1025,117,1126,131,1123,158,1022,143
998,275,1007,281,1026,294,1039,298,1057,297,1075,299,1096,296,1099,309,1077,312,1058,310,1038,311,1020,306,1000,293,991,286
594,436,1539,426,1539,500,595,510
786,514,1340,503,1341,582,787,592
479,614,1654,604,1654,673,480,683
1418,667,1658,675,1657,730,1416,722
482,678,1353,668,1354,726,483,735
572,747,674,740,811,732,1057,727,1264,728,1523,725,1626,726,1625,784,1523,783,1265,786,1058,785,812,790,674,798,572,805
479,790,1654,785,1654,856,480,861
512,854,614,852,817,860,1028,847,1296,841,1482,844,1584,843,1584,902,1482,903,1297,900,1029,906,819,919,613,911,510,912
1500,905,1660,905,1660,960,1500,960
484,907,772,920,770,976,481,963
835,908,1401,908,1401,963,835,963
533,967,635,966,821,964,1018,963,1310,961,1536,960,1638,959,1638,1018,1536,1019,1309,1020,1019,1022,821,1023,637,1025,535,1026
479,1025,1660,1018,1661,1135,480,1141
1020,1085,1122,1082,1201,1082,1348,1079,1485,1080,1564,1080,1666,1078,1662,1137,1560,1139,1486,1139,1348,1139,1202,1141,1122,1141,1020,1145
486,1084,879,1084,879,1142,486,1142
501,1146,603,1145,868,1139,1024,1140,1180,1147,1433,1141,1535,1143,1537,1202,1434,1200,1183,1206,1020,1199,869,1198,605,1204,503,1205
666,1211,745,1211,911,1208,1044,1211,1198,1208,1383,1207,1461,1205,1461,1248,1382,1250,1197,1252,1045,1255,910,1252,745,1255,666,1255
1616,1260,1664,1260,1664,1280,1616,1280
1084,1267,1414,1267,1414,1286,1084,1286
483,1267,531,1267,531,1286,483,1286
732,1270,1030,1270,1030,1286,732,1286
