390,94,422,94,437,94,468,94,504,94,519,92,545,89,546,116,520,119,504,121,469,121,437,121,421,121,389,121
658,113,684,114,721,114,741,115,774,115,807,114,838,113,840,140,809,141,774,142,741,142,721,141,682,141,657,140
99,118,259,115,260,143,100,145
364,116,579,124,576,203,361,195
72,138,289,146,286,224,70,217
640,141,859,146,857,225,638,220
389,198,557,195,558,259,390,261
97,222,269,219,270,282,98,285
666,222,840,222,840,288,666,288
397,264,418,265,443,265,467,266,497,264,518,263,543,260,543,282,518,284,499,285,466,287,443,286,417,286,396,285
387,288,555,285,556,319,388,321
105,290,253,287,254,311,106,313
676,289,822,292,821,315,675,313
95,311,267,311,267,343,95,343
663,316,835,313,836,346,664,349
348,327,383,332,425,338,465,338,523,336,553,336,587,334,589,354,555,355,525,355,464,358,424,357,380,351,346,346
57,352,91,356,133,359,172,360,233,358,275,356,308,354,310,378,277,381,235,383,173,384,132,384,88,380,54,376
624,354,659,358,704,364,740,364,790,363,845,361,875,359,877,381,847,384,791,386,741,387,702,386,655,380,621,376
409,572,547,569,548,591,410,593
110,599,135,601,167,603,182,603,206,603,233,601,258,599,260,621,234,622,206,624,183,624,166,624,135,622,110,621
683,604,704,605,733,606,750,606,776,607,802,605,827,604,827,625,802,626,776,628,751,627,732,627,703,626,682,626
251,711,703,705,704,760,252,766
217,774,751,766,752,824,218,831
235,835,727,829,728,887,236,893
105,901,863,889,864,949,106,961
145,962,827,956,828,1014,146,1020
332,1035,366,1034,415,1035,467,1032,538,1031,582,1033,621,1034,620,1059,581,1058,539,1056,467,1057,415,1060,365,1059,331,1060
332,1065,355,1064,387,1066,418,1063,446,1066,482,1067,505,1070,505,1095,482,1092,446,1091,419,1088,387,1091,355,1089,332,1089
340,1098,389,1096,438,1094,486,1094,533,1095,584,1093,627,1092,627,1119,583,1120,534,1122,485,1121,437,1121,390,1123,340,1125
350,1129,389,1128,435,1129,494,1125,522,1129,582,1125,621,1127,621,1151,582,1148,523,1152,495,1148,435,1152,389,1151,350,1152
336,1161,370,1160,428,1158,471,1158,505,1161,541,1158,585,1158,587,1184,543,1184,504,1187,470,1184,429,1183,368,1186,335,1187
