792,174,1080,162,1082,213,794,225
1814,226,1887,226,1887,251,1814,251
1614,234,1801,227,1803,254,1616,262
1614,259,2000,243,2001,277,1616,293
1850,275,1927,275,1927,307,1850,307
1615,287,1701,287,1701,319,1615,319
1613,332,1882,322,1885,392,1616,402
1691,464,1955,449,1957,481,1693,496
575,651,1804,576,1811,688,582,763
426,795,1942,667,1974,1047,458,1175
425,1468,454,1460,528,1438,597,1417,673,1389,711,1377,772,1355,791,1409,731,1431,692,1444,616,1472,546,1493,474,1515,445,1523
452,1519,482,1511,551,1494,603,1474,641,1457,699,1440,742,1423,751,1455,709,1472,651,1489,615,1505,562,1525,490,1543,459,1552
