1681,776,1844,783,1842,829,1679,821
1216,1204,1257,1208,1321,1217,1394,1218,1438,1223,1497,1229,1555,1238,1547,1320,1490,1311,1434,1305,1385,1300,1322,1299,1252,1290,1210,1286
954,1276,1143,1294,1141,1321,951,1303
947,1319,1104,1319,1104,1371,947,1371
1890,1422,1931,1424,1918,1646,1877,1643
446,1514,468,1516,498,1518,519,1518,551,1518,581,1519,611,1519,603,1559,572,1559,551,1559,522,1559,492,1559,462,1557,440,1555
1638,1523,1754,1523,1754,1549,1638,1549
591,1660,619,1650,646,1643,680,1626,715,1612,735,1610,764,1601,801,1647,772,1656,732,1669,699,1682,667,1698,644,1703,615,1714
1680,1654,1722,1654,1722,1827,1680,1827
2172,1722,2345,1722,2345,1780,2172,1780
1246,1731,1286,1734,1317,1740,1358,1738,1400,1742,1432,1737,1482,1732,1488,1776,1439,1781,1398,1787,1358,1782,1316,1785,1275,1777,1235,1774
1052,1844,1073,1853,1099,1859,1130,1866,1151,1857,1184,1858,1207,1851,1207,1895,1184,1903,1156,1901,1125,1910,1095,1904,1070,1898,1048,1888
1871,2108,1977,2127,1966,2184,1861,2165
1503,2296,1542,2256,1634,2170,1685,2165,1773,2189,1837,2256,1874,2305,1814,2350,1777,2300,1741,2257,1685,2240,1664,2239,1598,2305,1560,2345
1230,2183,1298,2183,1298,2220,1230,2220
972,2234,1012,2225,1044,2220,1093,2209,1128,2208,1177,2215,1210,2222,1202,2265,1169,2258,1122,2251,1095,2252,1052,2262,1033,2264,993,2273
1303,2225,1481,2225,1481,2319,1303,2319
1853,2220,2031,2220,2031,2329,1853,2329
2059,2317,2427,2331,2422,2464,2054,2450
1350,2329,1476,2329,1476,2403,1350,2403
356,2362,457,2343,519,2342,624,2330,744,2367,820,2357,902,2366,907,2456,826,2447,733,2457,616,2420,521,2432,446,2432,345,2451
403,2439,612,2439,612,2518,403,2518
1580,2430,1621,2461,1657,2484,1687,2490,1725,2483,1750,2467,1790,2433,1842,2495,1801,2529,1754,2558,1690,2570,1637,2562,1570,2524,1530,2493
2141,2470,2346,2476,2345,2511,2140,2504
946,2504,987,2506,1051,2509,1102,2510,1141,2509,1203,2510,1253,2508,1255,2551,1206,2553,1144,2552,1101,2554,1049,2553,979,2549,939,2546
2113,2549,2147,2556,2185,2566,2224,2562,2266,2554,2322,2541,2348,2531,2354,2568,2328,2578,2271,2591,2232,2598,2188,2604,2142,2593,2108,2586
1575,2554,1614,2573,1646,2585,1680,2588,1717,2584,1763,2568,1801,2552,1817,2577,1779,2592,1724,2611,1679,2616,1641,2613,1599,2598,1559,2579
1555,2649,1806,2649,1806,2691,1555,2691
1036,2696,1125,2696,1125,2722,1036,2722
1534,2701,1816,2701,1816,2738,1534,2738
1015,2722,1136,2722,1136,2743,1015,2743
