161,182,264,166,389,150,485,147,630,140,793,158,885,165,878,226,786,219,631,200,486,207,396,210,264,227,160,242
168,257,880,284,875,418,163,391
185,475,557,475,557,522,185,522
73,677,155,659,300,656,468,568,584,519,729,483,902,422,916,587,744,648,638,676,542,716,360,810,166,825,84,842
173,555,397,530,405,600,181,625
480,757,533,746,607,722,698,728,764,744,820,751,873,772,875,812,822,791,755,783,689,767,612,761,551,781,499,793
498,831,554,819,597,807,660,809,733,824,778,824,835,838,835,875,778,862,730,861,652,846,599,844,568,854,512,865
173,907,916,907,916,960,173,960
147,977,918,974,918,1030,147,1032
145,1045,923,1045,923,1101,145,1101
152,1120,923,1120,923,1174,152,1174
164,1192,759,1192,759,1251,164,1251
290,1298,389,1298,389,1310,290,1310
203,1327,942,1322,942,1366,203,1371
340,1380,398,1380,451,1380,559,1380,635,1379,760,1378,817,1377,816,1409,759,1410,636,1411,558,1413,451,1412,397,1413,340,1412
205,1425,939,1418,940,1484,206,1491
