930,275,1037,233,1182,182,1419,120,1505,104,1718,80,1850,70,1857,153,1725,164,1516,187,1437,202,1207,263,1067,312,960,353
2011,72,2130,82,2272,98,2506,142,2591,161,2791,225,2904,261,2878,331,2764,295,2570,233,2490,216,2261,172,2125,157,2006,147
1024,410,1306,312,1544,258,1922,213,2291,250,2593,309,2876,392,2826,548,2543,465,2266,411,1923,377,1565,421,1356,468,1073,566
3045,417,3171,315,3728,1000,3603,1102
671,318,805,421,252,1135,119,1031
1255,683,1374,684,1578,700,1880,681,2316,690,2562,700,2681,707,2682,775,2563,768,2314,758,1880,749,1579,768,1373,752,1254,751
1623,1041,2307,1041,2307,1114,1623,1114
1641,1127,2290,1139,2288,1221,1640,1208
1502,1218,1604,1226,1797,1226,1984,1240,2144,1226,2272,1229,2405,1220,2405,1294,2271,1303,2146,1300,1982,1314,1796,1300,1604,1300,1502,1292
3608,1276,3754,1376,3255,2108,3109,2009
109,1428,251,1320,806,2050,665,2157
1580,1320,2355,1320,2355,1392,1580,1392
1198,1678,2743,1666,2744,1765,1199,1778
1142,1773,1276,1773,1596,1765,1940,1771,2296,1775,2605,1757,2739,1752,2738,1830,2604,1836,2298,1853,1941,1849,1597,1843,1276,1851,1142,1851
1026,1866,1160,1865,1481,1863,1898,1861,2351,1849,2834,1864,2968,1865,2969,1942,2835,1941,2351,1926,1899,1938,1482,1940,1162,1942,1028,1943
1507,1964,1626,1963,1831,1951,1971,1954,2102,1949,2303,1952,2421,1951,2420,2020,2301,2021,2104,2018,1971,2023,1833,2019,1629,2031,1510,2033
2058,2315,2178,2303,2324,2280,2482,2249,2644,2211,2827,2137,2954,2089,2985,2159,2859,2207,2669,2283,2501,2323,2338,2356,2184,2379,2065,2391
973,2118,1084,2167,1218,2219,1378,2261,1548,2293,1751,2308,1870,2314,1868,2392,1748,2385,1538,2369,1363,2337,1196,2293,1056,2239,945,2191
