1695,385,2042,309,2063,403,1716,479
1640,341,1654,339,1681,336,1693,335,1713,334,1738,334,1757,334,1751,360,1731,360,1719,360,1695,362,1682,362,1653,366,1639,368
1187,371,1427,371,1427,528,1187,528
234,426,545,409,548,461,237,478
1914,448,2042,415,2048,438,1920,471
567,433,591,454,616,475,641,497,661,513,703,536,723,547,692,580,671,569,634,550,610,531,588,511,564,492,541,471
193,502,231,505,289,507,358,505,411,489,457,493,511,486,514,526,460,533,416,528,362,545,290,547,233,545,195,542
1531,537,1679,533,1680,572,1533,576
1539,569,1720,560,1723,633,1543,641
1749,621,1768,615,1789,610,1825,596,1852,587,1882,577,1911,568,1920,593,1891,602,1860,612,1833,621,1798,635,1776,640,1757,646
42,582,164,576,251,569,375,569,498,578,554,574,676,580,691,689,568,683,497,688,369,679,256,679,189,684,67,689
940,592,1132,592,1132,643,940,643
948,683,1305,564,1339,664,982,783
729,611,777,611,777,633,729,633
1912,641,2044,631,2046,652,1913,662
1095,727,1118,716,1141,712,1165,695,1202,684,1237,676,1267,672,1271,695,1240,699,1206,707,1175,716,1151,733,1123,739,1100,750
462,706,572,698,574,721,464,729
379,734,426,730,464,723,512,723,579,717,627,711,663,707,665,735,629,739,581,744,514,750,466,751,428,757,381,762
469,767,566,762,567,782,470,788
433,790,524,782,526,802,435,811
1157,901,1181,893,1222,877,1287,858,1314,853,1367,838,1400,832,1406,867,1373,873,1322,887,1293,893,1235,910,1193,926,1169,935
1197,1004,1229,989,1270,970,1337,942,1370,933,1406,916,1459,896,1475,943,1422,963,1389,979,1354,989,1291,1014,1245,1035,1213,1051
1170,1059,1498,945,1530,1037,1202,1151
130,1360,154,1358,174,1356,208,1353,233,1350,248,1347,276,1340,279,1358,252,1364,235,1368,210,1371,174,1374,156,1376,132,1378
