1663,55,1686,41,1705,31,1737,24,1766,21,1797,27,1824,34,1820,57,1793,50,1765,44,1738,47,1715,52,1698,61,1675,75
1460,205,1504,178,1616,121,1736,80,1871,60,1949,57,2057,61,2054,129,1946,125,1876,128,1752,146,1641,184,1537,237,1494,265
1668,176,1695,181,1725,184,1749,181,1770,172,1801,151,1817,138,1833,159,1816,173,1781,197,1754,207,1728,210,1692,207,1665,202
-21,475,1283,149,1340,380,36,706
1509,310,1555,300,1639,280,1780,251,1877,231,1952,213,1998,203,2003,230,1957,240,1883,258,1785,277,1645,306,1561,326,1514,336
1568,1286,1798,1286,1798,1379,1568,1379
582,1424,880,1424,880,1532,582,1532
1616,1446,1936,1446,1936,1532,1616,1532
1545,1484,1600,1484,1600,1532,1545,1532
1456,1497,1555,1497,1555,1532,1456,1532
