282,482,303,466,332,448,374,443,394,444,422,463,454,484,441,498,410,477,386,462,374,462,338,465,314,482,293,498
295,582,316,589,330,592,353,596,388,593,401,589,431,578,441,598,410,610,390,615,354,618,325,613,307,610,285,602
450,620,563,645,557,672,444,646
177,649,280,623,286,648,183,674
151,1260,197,1210,283,1146,367,1121,457,1128,549,1178,632,1226,569,1291,487,1244,420,1210,369,1210,315,1230,261,1274,215,1324
382,1289,555,1289,555,1468,382,1468
490,1532,503,1524,531,1509,551,1502,567,1498,594,1494,614,1491,611,1519,590,1522,570,1526,561,1529,544,1534,518,1548,505,1555
138,1512,153,1510,185,1504,207,1510,225,1518,253,1529,265,1539,254,1564,242,1555,213,1543,200,1536,184,1532,155,1537,140,1539
296,1587,331,1604,351,1611,381,1613,411,1609,436,1600,470,1585,483,1620,449,1635,423,1644,381,1650,345,1648,318,1638,283,1622
230,1589,267,1637,317,1683,358,1705,441,1689,490,1644,528,1603,579,1660,540,1701,463,1763,367,1781,284,1752,216,1694,178,1646
134,1708,144,1718,167,1737,182,1747,204,1756,229,1764,250,1766,232,1786,210,1784,195,1782,169,1771,151,1759,128,1740,117,1730
