115,44,784,55,783,95,114,84
1735,283,1826,283,1826,339,1735,339
1868,342,2022,342,2022,360,1868,360
1735,342,1829,342,1829,356,1735,356
1839,454,1863,431,1926,389,1963,379,2015,386,2071,419,2110,447,2089,475,2050,446,2001,418,1963,414,1938,422,1885,458,1861,481
1114,460,1808,484,1804,595,1110,571
1864,496,2071,496,2071,538,1864,538
360,598,521,598,521,664,360,664
1901,608,1921,611,1945,616,1982,616,1994,614,2025,609,2045,604,2053,642,2033,647,2002,652,1980,653,1942,653,1911,648,1891,644
1234,631,1581,661,1572,760,1225,729
119,675,778,698,776,774,117,751
259,768,634,778,632,850,257,840
1319,792,1706,804,1702,933,1315,921
1403,947,1676,951,1675,1032,1401,1027
1480,1081,1905,1095,1902,1181,1477,1168
