258,407,297,403,305,484,266,488
239,429,258,429,258,456,239,456
247,445,269,445,269,478,247,478
950,456,994,487,1080,528,1169,561,1250,557,1364,544,1424,527,1433,570,1373,587,1251,601,1165,604,1064,568,974,526,930,495
362,525,440,542,487,549,572,543,655,527,736,490,782,469,802,507,757,529,667,569,579,586,488,592,433,584,355,567
366,482,416,484,471,482,519,486,562,487,626,478,676,473,689,527,639,532,567,541,517,541,467,537,412,539,362,537
1115,501,1154,501,1188,500,1255,502,1289,503,1333,507,1380,509,1393,550,1346,548,1281,545,1260,545,1185,543,1148,543,1109,544
976,516,1051,564,1075,577,1159,597,1225,598,1290,574,1351,549,1406,650,1344,674,1214,711,1147,710,1043,685,983,655,908,607
344,586,401,586,500,607,534,595,608,591,687,566,752,548,769,595,704,613,616,640,542,644,496,658,393,636,336,636
357,645,409,649,485,655,558,650,623,645,695,627,761,610,772,648,706,665,632,683,567,688,481,695,403,689,351,684
595,867,655,897,740,937,853,950,940,950,1035,927,1119,901,1139,944,1056,970,944,998,855,997,728,983,631,939,571,908
531,847,597,896,737,987,845,1000,977,985,1082,946,1183,897,1213,948,1112,998,992,1043,844,1060,723,1045,562,945,497,896
