93,77,541,77,541,154,93,154
129,209,230,203,378,205,506,182,654,134,852,136,969,112,961,202,844,227,665,225,527,271,391,296,225,294,124,300
840,974,934,962,938,998,844,1010
722,1033,767,1029,815,1028,851,1022,921,1007,963,1007,1008,1000,1005,1049,959,1056,927,1057,864,1070,821,1077,762,1078,716,1083
98,1033,356,1033,356,1082,98,1082
98,1181,162,1150,226,1136,295,1111,380,1093,477,1115,523,1120,511,1169,465,1164,380,1143,309,1159,241,1185,163,1200,100,1232
687,1123,729,1111,786,1104,828,1094,909,1087,974,1094,1017,1098,1010,1144,967,1140,909,1134,836,1140,795,1150,726,1157,684,1169
817,1160,839,1164,885,1170,906,1170,941,1165,981,1154,1002,1146,1010,1189,988,1196,949,1208,906,1213,884,1213,836,1207,814,1203
603,1180,627,1181,667,1186,708,1182,732,1179,774,1183,817,1183,805,1227,763,1227,732,1225,713,1227,667,1231,619,1226,595,1225
365,1197,546,1197,546,1246,365,1246
630,1250,673,1249,744,1258,819,1245,871,1232,965,1234,1016,1223,1009,1269,957,1280,877,1278,832,1290,745,1305,661,1294,619,1295
220,1296,604,1296,604,1338,220,1338
126,1361,968,1365,967,1416,126,1413
