1936,196,2464,196,2464,260,1936,260
128,200,612,200,612,480,128,480
1912,287,2464,287,2464,351,1912,351
5,595,148,549,409,454,568,410,708,369,924,340,1077,325,1102,536,950,552,755,576,603,620,492,650,248,738,105,783
1964,380,2464,380,2464,444,1964,444
1596,472,2464,472,2464,536,1596,536
570,677,630,654,733,616,844,572,931,543,1049,519,1095,511,1129,595,1082,603,956,630,869,659,759,703,675,733,614,756
2096,652,2460,652,2460,732,2096,732
1677,750,1775,747,1953,738,2087,740,2197,743,2344,744,2457,748,2457,822,2344,818,2197,817,2084,814,1955,812,1775,821,1678,824
1407,923,1520,924,1709,931,1914,926,2117,925,2286,928,2413,929,2411,1002,2283,1001,2117,998,1913,999,1712,1004,1518,997,1405,996
1422,1016,1540,1021,1658,1028,1918,1027,2084,1018,2274,1018,2391,1012,2389,1081,2271,1087,2086,1086,1917,1096,1659,1097,1538,1090,1420,1085
2260,1116,2460,1116,2460,1180,2260,1180
240,1340,432,1340,432,1404,240,1404
1912,1344,2464,1344,2464,1404,1912,1404
