335,634,492,550,813,416,1141,375,1452,400,1772,494,1930,555,1890,638,1733,577,1437,491,1141,467,832,506,534,632,378,716
679,566,1689,566,1689,642,679,642
615,657,1760,657,1760,717,615,717
386,724,1982,724,1982,784,386,784
405,788,1967,788,1967,852,405,852
382,857,1993,850,1993,916,383,923
296,924,2065,920,2065,983,296,987
475,988,595,989,835,989,1120,990,1503,986,1750,986,1870,986,1870,1053,1750,1054,1502,1053,1121,1057,836,1056,596,1056,476,1055
517,1063,1877,1055,1877,1121,518,1130
481,1114,648,1177,923,1256,1169,1279,1419,1260,1646,1202,1812,1148,1847,1238,1681,1293,1437,1356,1170,1376,907,1352,612,1268,446,1204
859,1137,1546,1130,1547,1193,860,1201
