1214,-7,1485,33,1460,200,1189,159
54,145,694,55,707,143,67,232
1292,217,1441,217,1441,368,1292,368
1160,238,1191,238,1191,252,1160,252
1160,252,1191,252,1191,268,1160,268
96,296,431,261,439,338,104,373
29,400,555,333,568,433,42,500
1275,396,1438,400,1430,726,1266,722
824,484,862,501,856,514,819,497
861,503,950,489,953,509,864,523
209,570,995,570,995,608,209,608
134,608,1005,608,1005,646,134,646
136,645,917,648,917,686,136,684
30,743,372,743,372,778,30,778
91,784,143,784,265,784,399,784,529,783,691,783,743,782,743,811,691,811,529,811,400,813,265,813,143,813,91,813
916,810,1461,817,1460,919,914,912
30,818,726,818,726,854,30,854
25,892,89,892,245,892,360,892,479,892,615,892,679,892,679,927,615,927,478,927,360,927,245,927,89,927,25,927
231,931,382,931,382,964,231,964
