257,273,273,269,308,269,337,273,365,289,394,328,402,340,381,353,373,341,349,307,327,296,305,293,274,294,258,298
390,356,412,361,394,449,372,444
182,391,199,383,232,453,215,461
234,453,249,461,270,472,304,472,319,470,338,464,361,454,367,466,345,476,321,483,305,485,268,485,243,473,228,465
252,529,344,529,344,544,252,544
165,560,430,560,430,573,165,573
237,573,357,573,357,586,237,586
178,588,198,589,252,589,284,590,356,590,389,589,409,589,409,600,389,601,356,601,284,601,252,601,198,600,178,600
154,603,177,603,228,604,287,603,353,603,404,603,427,602,427,615,404,615,353,616,287,616,229,616,177,616,154,616
273,632,321,632,321,645,273,645
234,645,360,645,360,658,234,658
