51,212,136,160,300,85,442,106,555,194,606,361,627,466,568,475,548,369,512,234,421,161,300,144,165,211,81,263
821,233,858,225,920,210,966,199,1023,180,1083,166,1127,152,1138,191,1094,204,1033,219,976,238,929,249,869,263,833,271
835,261,1183,196,1199,285,851,350
101,239,529,251,527,335,99,323
842,367,1236,269,1260,362,865,461
72,327,552,335,551,423,71,415
999,421,1030,414,1043,412,1075,403,1086,402,1116,392,1146,385,1151,428,1121,436,1106,441,1084,446,1053,455,1037,457,1007,464
905,503,940,494,1010,473,1084,454,1163,433,1226,414,1291,395,1304,445,1239,464,1178,481,1096,504,1022,523,955,542,920,552
105,409,131,437,202,507,250,531,292,543,354,555,434,561,433,629,353,623,281,610,225,595,162,562,81,485,55,456
1035,789,1174,773,1180,826,1041,842
916,867,1306,807,1315,862,924,921
158,868,648,868,648,1214,158,1214
936,929,1330,873,1344,974,950,1029
936,1042,1382,984,1396,1092,950,1150
1095,1132,1246,1115,1252,1171,1101,1188
963,1203,1393,1145,1401,1210,972,1268
540,1213,619,1201,626,1241,547,1254
