529,176,583,176,683,176,770,175,864,168,971,163,1032,158,1030,192,969,198,866,203,772,209,684,211,585,211,530,210
788,246,801,246,822,247,839,249,856,254,872,265,888,277,879,287,862,275,848,265,836,262,823,260,803,259,790,259
1062,285,1286,275,1289,334,1065,344
885,307,900,307,900,342,885,342
305,313,619,300,621,359,307,372
915,332,1000,332,1000,357,915,357
635,340,717,340,717,372,635,372
505,505,1109,481,1111,545,508,569
792,597,840,597,840,625,792,625
496,650,516,648,558,647,574,646,609,644,636,638,667,631,666,658,634,665,612,671,577,673,559,675,516,675,496,677
397,652,447,652,447,680,397,680
680,855,1138,815,1142,857,684,896
520,857,617,857,617,892,520,892
266,895,293,892,323,892,354,887,387,886,419,883,442,882,438,907,416,909,389,911,357,912,324,917,294,917,267,921
