37,29,81,32,172,30,243,30,323,4,402,1,470,-15,471,46,403,62,338,64,249,91,175,92,80,94,35,90
1060,67,1113,64,1231,62,1349,59,1434,64,1525,65,1598,70,1595,118,1522,113,1433,112,1349,107,1231,110,1113,112,1059,115
729,265,824,276,988,278,1196,314,1314,317,1522,321,1631,320,1630,383,1522,384,1313,380,1190,376,979,340,824,339,729,328
366,387,385,391,416,403,447,416,465,433,490,458,501,476,478,503,467,486,440,459,429,447,398,435,376,426,358,422
173,452,190,439,212,423,232,412,263,402,281,398,297,397,307,424,290,425,272,429,244,439,227,447,207,463,190,476
103,525,156,518,188,739,135,747
511,531,567,548,502,770,445,754
272,767,293,772,320,777,338,779,358,778,383,775,403,772,406,812,385,816,365,817,338,819,316,818,283,811,263,806
100,848,1588,848,1588,953,100,953
103,953,1588,953,1588,1038,103,1038
1173,1095,1392,1095,1392,1170,1173,1170
