926,219,958,203,1024,173,1089,155,1148,148,1198,146,1245,148,1240,197,1194,194,1152,196,1098,203,1043,218,982,246,950,262
1268,173,1290,183,1337,204,1388,247,1420,283,1441,317,1458,353,1429,370,1412,333,1395,304,1365,271,1319,232,1278,214,1255,204
996,445,1304,435,1306,519,999,528
675,877,788,874,926,869,1140,869,1294,864,1456,861,1570,858,1568,924,1455,928,1296,930,1140,936,928,936,790,941,677,943
450,974,563,975,874,973,1151,972,1416,966,1848,965,1962,964,1961,1030,1848,1032,1416,1032,1152,1039,876,1040,565,1041,451,1041
358,1065,471,1062,776,1055,1076,1051,1479,1051,1876,1051,1990,1053,1990,1116,1877,1115,1479,1115,1076,1115,778,1119,473,1126,359,1128
432,1145,546,1142,777,1137,1093,1134,1405,1128,1773,1132,1887,1133,1886,1197,1773,1196,1404,1192,1094,1198,778,1201,548,1206,434,1209
476,1229,575,1226,805,1219,1093,1220,1451,1211,1750,1220,1850,1221,1849,1280,1749,1278,1451,1269,1094,1278,806,1277,576,1285,477,1287
349,1305,449,1303,759,1300,1203,1293,1433,1293,1796,1293,1896,1294,1895,1352,1796,1351,1434,1351,1203,1351,761,1358,449,1361,350,1363
245,1387,345,1384,522,1380,649,1379,832,1378,943,1377,1056,1376,1054,1439,941,1440,833,1441,650,1442,524,1443,345,1448,245,1450
384,1484,483,1484,834,1478,1122,1479,1456,1477,1739,1478,1838,1478,1837,1535,1738,1535,1456,1534,1123,1536,835,1535,484,1541,385,1541
324,1565,437,1564,754,1559,1214,1557,1404,1556,1802,1557,1915,1557,1915,1620,1802,1619,1405,1619,1215,1620,755,1622,438,1627,324,1628
338,1651,437,1650,800,1645,1192,1646,1410,1647,1750,1639,1849,1638,1849,1696,1750,1697,1410,1704,1191,1703,801,1702,438,1707,339,1708
248,1726,2061,1726,2061,1789,248,1789
254,1807,1882,1807,1882,1870,254,1870
300,1911,2066,1911,2066,1974,300,1974
355,1997,455,1997,777,1996,1226,1997,1566,1996,1796,1998,1895,1999,1895,2057,1796,2056,1566,2054,1226,2055,777,2054,455,2055,356,2054
248,2078,2066,2078,2066,2141,248,2141
254,2159,2072,2159,2072,2228,254,2228
248,2247,2055,2240,2055,2308,248,2315
242,2332,2066,2332,2066,2395,242,2395
316,2414,415,2415,771,2419,1088,2420,1491,2422,1761,2417,1861,2415,1861,2473,1761,2475,1491,2480,1088,2478,771,2477,414,2473,315,2472
242,2492,2067,2506,2066,2577,242,2563
248,2574,2073,2592,2072,2663,247,2645
242,2663,670,2672,669,2737,241,2728
348,2769,461,2770,841,2771,1123,2776,1445,2776,1767,2779,1881,2779,1881,2841,1767,2841,1445,2838,1122,2838,840,2833,460,2832,347,2831
307,2854,421,2856,818,2859,1088,2863,1486,2863,1836,2863,1950,2862,1950,2924,1836,2925,1485,2926,1088,2926,817,2921,420,2919,306,2917
237,2926,821,2942,819,3012,235,2996
1939,3019,2032,3019,2032,3059,1939,3059
