166,25,450,26,450,41,166,39
221,43,241,43,282,42,308,42,332,42,361,42,381,43,380,54,361,54,332,54,308,53,282,54,241,54,221,55
256,57,358,57,358,70,256,70
219,90,245,90,295,90,340,90,392,90,442,89,469,89,469,103,442,103,392,104,340,104,295,104,245,104,218,104
478,126,495,118,514,111,545,111,565,113,589,122,603,129,595,141,581,135,561,128,544,125,517,125,501,132,484,140
516,125,565,127,565,139,515,137
230,142,354,142,354,161,230,161
524,142,562,142,562,169,524,169
92,171,102,172,117,173,132,172,145,173,159,172,171,172,171,183,158,183,146,184,132,184,116,184,102,183,91,183
268,173,287,173,320,173,348,172,365,173,400,174,419,175,419,186,400,185,365,185,348,184,321,184,287,184,267,185
94,193,213,196,213,207,94,205
265,192,394,194,394,209,265,207
93,213,245,213,245,226,93,226
278,214,305,214,365,214,432,214,509,213,553,214,579,214,579,228,553,228,509,227,432,228,364,229,305,228,279,228
91,235,107,235,136,236,160,235,185,234,212,234,228,234,228,243,212,244,185,244,160,245,136,245,107,244,91,244
273,233,296,233,346,234,408,235,452,234,504,234,527,233,527,246,504,247,452,247,408,248,346,247,295,246,272,246
93,255,101,255,113,255,126,256,135,254,150,256,158,255,156,265,148,266,135,264,127,266,112,265,101,265,93,265
451,256,491,254,492,265,452,266
93,275,110,275,127,275,150,275,169,275,191,274,211,273,210,285,190,286,169,288,150,288,128,287,110,288,92,288
263,275,286,276,322,275,358,276,399,276,440,276,466,275,466,290,440,290,399,291,358,291,322,289,286,290,263,290
