330,211,356,200,398,181,439,165,468,153,515,139,541,131,561,182,534,190,483,205,460,214,424,228,380,248,355,259
865,122,893,132,928,146,967,159,1012,172,1060,192,1088,202,1060,253,1032,243,992,226,945,213,912,202,870,186,842,175
57,610,852,462,901,726,106,875
944,672,1187,672,1187,732,944,732
598,765,1348,812,1329,1114,579,1067
332,918,480,918,480,979,332,979
138,1131,201,1131,438,1133,601,1131,819,1131,1027,1130,1090,1129,1090,1164,1027,1164,819,1165,601,1165,438,1167,201,1165,138,1166
1260,1129,1337,1129,1337,1164,1260,1164
390,1193,1024,1193,1024,1228,390,1228
262,1264,1148,1264,1148,1318,262,1318
540,1372,886,1372,886,1404,540,1404
111,1419,213,1425,529,1424,644,1429,912,1425,1095,1417,1197,1412,1196,1470,1094,1475,913,1483,645,1487,530,1482,214,1482,111,1477
231,1550,1170,1562,1167,1787,228,1774
966,1888,1254,1884,1254,1927,966,1930
188,1891,684,1887,685,1926,188,1929
