631,-25,1890,59,1879,230,620,145
643,138,1737,261,1717,433,623,310
564,743,644,674,762,593,894,589,981,630,1067,745,1121,840,1074,864,1021,769,947,669,882,640,776,644,681,712,600,780
692,776,712,772,755,761,799,752,823,746,861,740,897,731,905,769,870,777,829,783,806,790,764,798,722,808,702,813
606,839,681,830,743,822,800,812,871,799,963,776,1003,766,1016,822,976,831,880,855,808,868,754,878,688,886,612,895
566,803,608,806,595,1062,552,1059
1069,884,1132,901,1044,1212,981,1194
616,921,653,916,753,902,804,894,883,879,955,872,1012,864,1019,913,962,920,890,928,812,943,759,951,661,965,624,970
617,973,1007,926,1016,1006,626,1053
646,1074,685,1073,742,1072,814,1063,869,1052,928,1049,987,1040,988,1075,928,1084,874,1087,817,1098,745,1106,688,1107,650,1109
595,1075,631,1138,683,1206,775,1263,817,1265,949,1214,995,1189,1015,1225,968,1250,821,1306,764,1302,657,1238,595,1159,560,1096
674,1118,706,1116,755,1112,806,1107,871,1100,908,1099,957,1096,958,1125,909,1128,873,1129,809,1136,756,1141,709,1144,677,1147
750,1200,767,1198,789,1198,816,1195,839,1196,869,1197,893,1200,889,1233,865,1231,840,1230,815,1229,794,1231,769,1232,752,1234
394,1561,470,1608,627,1709,791,1812,1021,1950,1124,2026,1198,2076,1171,2120,1098,2069,992,1992,764,1855,600,1752,443,1652,367,1604
445,1672,512,1715,638,1795,800,1902,873,1959,1005,2038,1069,2085,1044,2122,979,2076,848,1997,775,1939,613,1833,487,1753,420,1711
390,2042,478,2123,556,2187,680,2296,754,2353,845,2423,941,2494,900,2549,804,2478,710,2406,637,2349,512,2240,435,2175,347,2095
409,2185,444,2213,526,2277,614,2354,691,2419,781,2495,828,2535,800,2565,754,2526,665,2451,588,2386,500,2309,418,2244,383,2216
