46,117,273,112,275,187,47,192
566,127,603,136,656,146,710,151,762,156,832,149,869,147,874,221,837,223,760,229,704,224,648,219,594,209,557,200
1137,166,1173,174,1227,182,1276,188,1318,190,1385,186,1423,184,1425,257,1388,259,1316,263,1270,260,1218,255,1163,246,1126,238
1681,215,1773,215,1773,281,1681,281
705,489,756,489,756,508,705,508
614,548,687,548,687,570,614,570
1221,566,1297,566,1297,588,1221,588
636,610,694,610,694,632,636,632
91,800,168,800,168,818,91,818
1243,840,1341,840,1341,862,1243,862
149,873,219,873,219,895,149,895
40,888,95,888,95,910,40,910
1312,914,1374,914,1374,932,1312,932
1191,925,1265,925,1265,946,1191,946
36,957,124,957,124,979,36,979
1203,989,1291,994,1290,1017,1201,1012
76,1010,183,1015,182,1036,75,1031
1243,1042,1341,1042,1341,1063,1243,1063
1283,1367,1341,1367,1341,1389,1283,1389
36,1418,106,1418,106,1440,36,1440
672,1429,742,1429,742,1447,672,1447
1206,1425,1268,1425,1268,1447,1206,1447
73,1488,131,1488,131,1506,73,1506
1235,1491,1290,1491,1290,1510,1235,1510
87,1568,153,1568,153,1590,87,1590
1250,1568,1308,1568,1308,1586,1250,1586
749,1714,859,1714,859,1736,749,1736
716,1802,789,1802,789,1820,716,1820
745,1868,833,1868,833,1890,745,1890
1243,2165,1505,2147,1510,2225,1248,2243
680,2174,732,2182,779,2184,832,2188,875,2185,939,2173,976,2165,992,2237,956,2245,876,2258,832,2262,775,2257,728,2256,676,2247
102,2196,139,2200,201,2201,254,2203,299,2202,375,2191,412,2186,423,2257,386,2262,303,2273,254,2275,198,2273,136,2271,100,2268
