447,352,480,345,527,336,596,332,645,333,687,339,721,346,716,410,683,404,639,397,597,396,534,400,490,408,458,416
527,399,629,399,629,448,527,448
476,597,521,592,590,590,717,599,830,628,900,655,941,675,930,698,889,678,823,652,713,624,589,616,524,617,478,622
659,692,712,701,771,718,863,755,913,785,961,824,1000,857,976,872,937,840,896,809,850,781,762,745,706,729,653,720
397,615,496,712,173,1041,74,944
990,720,1016,720,1016,746,990,746
711,811,727,811,748,811,770,811,792,811,814,811,837,811,838,841,816,841,793,841,770,841,747,841,728,841,712,841
297,837,448,837,448,909,297,909
718,848,863,848,863,906,718,906
560,886,601,886,601,904,560,904
59,906,86,906,90,1278,63,1278
267,971,871,956,875,1115,270,1130
409,1241,761,1238,761,1291,410,1294
845,1281,896,1281,896,1298,845,1298
466,1299,503,1301,529,1303,566,1300,607,1300,662,1300,691,1300,691,1322,662,1321,607,1321,567,1322,528,1324,503,1322,466,1321
807,1324,904,1324,904,1357,807,1357
473,1344,682,1344,682,1393,473,1393
838,1362,849,1367,861,1375,872,1372,884,1374,898,1388,909,1383,911,1362,901,1366,892,1395,873,1394,859,1396,840,1386,828,1381
326,1395,375,1413,464,1437,558,1449,660,1445,739,1424,790,1409,798,1437,748,1453,664,1474,558,1478,459,1466,366,1441,316,1423
338,1520,389,1535,456,1549,594,1556,699,1548,869,1500,919,1485,930,1512,880,1527,704,1576,595,1585,453,1578,381,1563,330,1548
