296,358,1956,146,1960,175,299,387
465,398,1713,250,1738,465,491,613
828,571,874,565,988,551,1064,543,1164,536,1250,533,1305,532,1306,568,1251,569,1166,571,1067,579,993,586,880,601,833,607
1088,653,1385,626,1388,668,1092,695
1796,638,1862,630,1865,650,1799,658
274,716,531,698,533,737,277,755
1085,711,1285,698,1287,739,1088,751
1078,772,1132,769,1160,769,1218,761,1274,761,1316,760,1364,762,1368,797,1320,796,1277,797,1219,797,1163,805,1134,805,1080,808
263,770,502,755,504,793,266,809
784,767,904,759,906,786,786,794
352,888,414,885,779,867,965,857,1337,835,1598,820,1660,816,1662,851,1600,855,1339,870,967,892,781,902,416,920,354,923
253,831,292,824,346,823,374,816,424,817,473,813,513,813,516,847,476,847,425,851,376,850,347,857,294,858,254,865
716,1087,799,1104,788,1160,704,1143
1281,1246,1479,1240,1480,1277,1282,1283
1660,1372,1809,1362,1811,1407,1662,1416
278,1375,390,1370,392,1410,280,1415
