583,65,611,59,613,68,585,74
565,79,636,63,638,72,567,87
593,82,618,78,619,86,595,90
584,93,634,82,636,92,586,103
315,133,345,127,346,136,317,142
294,138,312,135,314,144,296,147
297,148,348,136,350,145,299,157
443,199,457,196,481,189,497,186,522,181,548,174,567,169,572,198,553,202,528,209,505,214,487,217,461,225,446,228
370,261,660,189,668,220,377,291
603,257,615,253,623,250,629,249,638,247,650,244,659,241,659,254,650,256,642,259,633,261,624,263,617,265,606,269
512,278,521,276,534,273,553,267,564,264,584,260,593,258,597,270,587,272,566,277,556,279,537,286,522,289,513,291
582,281,592,279,608,275,624,271,641,266,660,261,668,259,671,269,663,272,645,277,626,282,611,286,594,290,584,292
