233,39,284,48,404,62,479,66,543,65,634,48,696,36,711,90,649,102,549,121,478,122,399,118,274,104,222,94
21,111,59,111,59,258,21,258
798,174,817,174,817,181,798,181
846,232,878,231,879,411,848,412
21,277,57,277,57,378,21,378
263,298,290,296,291,306,264,308
262,306,289,306,289,315,262,315
263,316,289,311,290,320,264,325
171,354,195,349,196,358,173,363
171,362,193,356,195,363,173,369
18,393,59,393,59,525,18,525
610,452,619,451,632,451,643,450,651,450,662,451,671,452,672,470,663,469,649,468,643,467,632,468,622,469,613,470
610,468,677,474,675,491,609,486
393,526,398,524,406,521,415,520,426,520,433,522,442,525,439,534,430,531,424,530,415,529,408,530,399,533,395,536
750,568,812,576,810,596,747,588
