304,154,337,149,402,141,494,138,553,142,595,147,632,154,627,174,590,168,551,163,494,159,403,162,340,169,308,175
692,257,707,258,728,261,754,262,772,264,800,265,811,266,809,288,798,287,770,285,755,284,725,282,705,280,690,278
177,956,209,956,336,958,471,958,559,960,710,962,743,962,743,981,710,981,559,979,471,977,336,977,209,975,177,975
401,984,534,984,534,1003,401,1003
257,984,273,987,287,988,307,988,325,987,339,990,356,992,349,1014,332,1012,324,1010,308,1011,285,1011,273,1010,256,1007
601,989,614,991,630,993,645,994,659,993,680,994,693,992,688,1010,675,1011,658,1011,646,1012,627,1010,614,1009,601,1006
157,1013,185,1013,254,1016,295,1016,349,1018,405,1017,442,1017,441,1038,405,1038,349,1039,295,1037,254,1037,185,1035,157,1034
509,1023,538,1022,602,1022,640,1021,679,1021,735,1023,767,1024,766,1042,734,1041,679,1040,640,1039,603,1040,537,1040,509,1041
367,1046,568,1046,568,1068,367,1068
211,1057,270,1057,270,1066,211,1066
667,1061,725,1061,725,1070,667,1070
420,1066,461,1066,461,1078,420,1078
348,1068,384,1068,384,1074,348,1074
463,1068,504,1070,504,1078,462,1076
511,1072,588,1072,588,1078,511,1078
