28,68,49,67,78,66,113,67,145,67,177,67,200,67,200,80,177,80,145,80,114,80,78,78,49,80,29,80
32,82,51,82,80,82,118,82,155,82,200,82,219,81,219,92,200,92,155,92,118,93,80,93,51,93,32,93
28,96,43,96,78,96,110,96,137,96,168,96,187,97,187,107,167,107,137,106,110,106,78,107,44,106,29,106
28,109,221,109,221,120,28,120
29,122,46,122,74,123,112,122,140,122,176,123,199,123,198,135,175,135,139,134,111,134,74,135,46,134,29,134
25,137,45,137,74,138,104,137,136,138,166,137,186,137,186,147,166,147,136,148,104,147,74,148,45,147,25,147
28,165,206,165,206,176,28,176
28,178,46,178,75,178,108,178,137,178,178,178,201,178,201,190,178,190,137,190,108,190,75,190,46,190,29,190
29,193,49,193,78,193,118,193,148,194,177,193,197,193,197,203,177,203,148,204,117,203,78,203,49,203,29,203
305,194,350,194,350,233,305,233
28,206,49,206,82,206,123,206,151,206,186,206,209,206,209,218,186,218,151,218,123,218,82,218,49,218,29,218
30,222,46,222,46,232,30,232
281,386,304,386,304,417,281,417
22,444,429,433,433,545,25,557
