403,205,438,196,476,190,530,184,605,177,639,182,685,186,678,213,632,208,605,203,532,211,479,216,436,223,401,232
259,217,705,217,705,381,259,381
378,392,583,381,586,436,380,447
387,441,585,436,586,491,388,496
280,659,326,658,422,661,474,653,583,636,652,621,707,605,714,655,659,672,591,686,483,704,428,711,317,708,271,710
708,656,727,656,727,669,708,669
609,804,634,802,673,796,703,792,742,783,774,773,805,762,812,780,780,791,747,801,708,811,675,815,637,821,612,823
750,822,781,817,783,830,752,835
715,828,737,828,737,843,715,843
757,833,788,833,788,853,757,853
578,850,693,836,695,854,580,867
641,861,660,862,679,858,688,858,709,852,726,849,744,843,746,860,728,865,712,869,694,874,680,874,662,878,643,878
592,867,627,867,627,887,592,887
536,940,565,938,617,933,681,921,715,913,756,901,784,891,790,907,762,916,719,929,684,937,619,949,566,954,537,956
651,893,688,887,691,907,654,912
597,901,624,901,624,919,597,919
