732,72,891,99,1076,153,1233,253,1365,383,1452,531,1541,705,1369,804,1280,630,1196,485,1106,405,983,327,852,293,693,266
38,288,530,218,694,1380,202,1450
545,323,927,303,934,433,552,452
1083,468,1221,486,1209,577,1071,559
492,443,812,535,746,767,425,675
1157,625,1267,625,1267,745,1157,745
724,651,982,647,983,722,725,725
577,795,952,795,952,915,577,915
658,1304,822,1292,971,1265,1092,1198,1199,1112,1307,883,1351,785,1516,882,1472,980,1360,1216,1216,1344,1052,1439,846,1482,682,1494
515,992,985,992,985,1162,515,1162
