490,-3,522,0,603,7,652,19,731,32,789,41,828,47,825,81,785,76,723,66,646,53,598,41,521,35,489,30
2087,11,2120,13,2130,20,2160,13,2186,12,2221,13,2254,13,2241,77,2208,77,2186,77,2164,77,2144,83,2083,67,2050,65
1249,47,1267,48,1295,50,1322,55,1347,63,1379,79,1396,88,1375,117,1359,107,1333,95,1311,88,1290,85,1268,82,1249,82
614,101,867,101,867,216,614,216
1236,112,1261,128,1292,145,1325,159,1352,166,1387,177,1420,186,1408,214,1376,204,1343,195,1315,187,1282,173,1242,152,1218,136
-9,122,11,125,40,132,64,137,87,145,96,152,121,169,117,208,91,192,75,183,51,175,25,169,5,165,-15,162
1699,163,1721,160,1737,159,1754,160,1775,165,1793,175,1807,184,1793,212,1779,202,1764,194,1751,191,1733,189,1721,191,1699,194
-26,276,308,233,335,446,0,489
1742,245,1762,256,1795,267,1823,274,1853,270,1887,260,1908,251,1913,292,1893,301,1862,310,1820,315,1785,307,1747,294,1727,283
1409,256,1432,274,1457,292,1475,295,1499,300,1528,297,1551,299,1544,343,1521,341,1493,344,1468,339,1444,335,1406,312,1383,293
806,320,853,318,897,319,949,320,1004,331,1048,340,1080,351,1069,383,1037,373,996,364,946,354,897,353,855,352,808,355
1894,373,2022,367,2026,437,1897,442
1563,412,1597,410,1620,408,1660,415,1693,425,1727,440,1748,452,1738,475,1716,463,1684,448,1655,440,1618,433,1597,435,1563,437
664,458,1202,404,1222,604,684,658
1435,543,1817,479,1845,646,1462,709
2016,505,2159,517,2156,546,2013,534
1906,635,1964,622,2050,596,2097,592,2144,572,2190,566,2247,542,2305,647,2248,671,2167,690,2126,709,2058,716,2005,734,1947,748
780,649,802,643,856,634,895,623,927,618,969,610,992,607,1000,653,977,656,935,665,903,669,866,680,815,689,792,694
754,702,787,695,822,688,861,679,913,668,944,661,983,653,989,681,950,689,918,696,866,708,828,716,793,723,760,731
1521,695,1541,690,1575,681,1603,674,1630,667,1654,661,1674,656,1685,695,1665,700,1641,706,1612,713,1585,719,1557,726,1537,731
1507,738,1671,697,1678,724,1514,765
1970,783,1995,759,2023,734,2060,721,2095,712,2121,764,2150,753,2148,693,2119,704,2112,770,2077,779,2053,786,2034,805,2009,829
202,863,339,863,339,895,202,895
1152,892,1235,892,1235,913,1152,913
1777,903,1835,903,1835,924,1777,924
204,1398,2111,1104,2162,1432,254,1726
