1269,202,1332,214,1297,391,1234,378
1436,217,1492,199,1546,367,1490,385
1304,442,1331,456,1360,466,1384,471,1417,468,1450,453,1476,439,1484,491,1459,504,1429,519,1391,522,1350,517,1316,506,1289,492
988,595,1782,599,1781,691,987,686
783,734,902,740,1190,750,1334,753,1584,751,1811,747,1930,742,1930,810,1811,814,1585,819,1334,821,1188,818,902,808,782,802
680,832,2081,838,2081,920,680,914
777,917,906,926,1109,927,1300,939,1573,926,1872,929,2001,925,2000,997,1870,1002,1571,998,1303,1012,1107,1000,906,998,776,989
820,1014,939,1015,1120,1021,1340,1018,1568,1037,1826,1025,1946,1027,1946,1098,1827,1095,1569,1107,1337,1089,1120,1091,938,1085,818,1084
757,1111,2005,1118,2004,1189,757,1182
978,1213,1087,1209,1210,1211,1348,1206,1515,1215,1658,1221,1767,1231,1765,1294,1656,1285,1516,1279,1345,1270,1209,1275,1089,1273,979,1277
875,1297,984,1304,1177,1308,1354,1317,1524,1305,1702,1306,1811,1299,1810,1361,1701,1368,1524,1367,1355,1379,1176,1369,982,1366,872,1359
976,1402,1090,1396,1191,1390,1331,1389,1520,1390,1664,1388,1733,1390,1733,1464,1665,1462,1519,1464,1329,1463,1194,1464,1094,1470,980,1476
