449,527,538,487,791,390,981,377,1140,398,1343,481,1432,530,1408,576,1319,527,1129,449,981,429,803,440,561,533,472,574
713,466,772,451,849,435,917,431,1006,434,1074,445,1134,457,1126,490,1067,478,1003,467,917,464,854,468,781,484,722,499
519,680,1342,656,1344,723,521,747
661,743,1209,729,1211,799,662,813
401,868,498,864,739,857,965,849,1114,844,1315,842,1412,840,1414,894,1317,896,1114,898,967,903,740,912,499,919,402,923
423,909,535,915,654,920,984,912,1206,897,1339,895,1451,889,1453,953,1341,959,1208,961,984,977,656,984,538,979,426,973
711,984,790,979,851,974,923,974,1030,969,1076,967,1155,960,1151,1019,1072,1026,1034,1027,924,1033,853,1033,793,1037,714,1043
768,1115,1110,1119,1109,1194,767,1191
505,1205,609,1201,736,1195,932,1195,1059,1190,1225,1186,1329,1181,1329,1241,1225,1246,1060,1250,933,1255,738,1255,611,1261,507,1265
724,1274,1146,1261,1147,1324,726,1337
