494,755,548,690,671,564,758,494,883,424,988,375,1098,334,1170,480,1060,521,950,572,849,630,780,685,658,810,604,875
1599,355,1675,380,1846,454,1947,519,2076,639,2159,744,2221,836,2110,935,2048,843,1966,740,1850,632,1774,585,1621,519,1545,494
636,913,2052,965,2036,1397,620,1346
730,1390,1881,1408,1874,1811,724,1794
129,1452,246,1421,348,1798,231,1830
465,1361,511,1512,601,1727,803,1974,935,2067,1090,2129,1320,2195,1264,2380,1034,2314,841,2236,670,2114,439,1832,334,1591,289,1440
2420,1487,2551,1551,2264,2138,2134,2075
1359,2179,1516,2146,1679,2093,1846,1985,1979,1864,2091,1697,2212,1502,2388,1596,2266,1791,2139,1983,1978,2135,1777,2267,1571,2338,1414,2371
293,1927,379,1859,582,2116,496,2184
1630,2358,1720,2328,1823,2285,1860,2267,1975,2194,2039,2135,2092,2084,2164,2158,2111,2209,2030,2280,1920,2351,1860,2381,1753,2426,1662,2455
616,2142,684,2185,785,2264,832,2282,934,2335,1030,2373,1106,2402,1071,2510,995,2481,888,2438,783,2384,721,2357,615,2274,547,2231
1191,2406,1586,2393,1590,2500,1194,2513
