272,58,333,58,333,80,272,80
270,82,334,82,334,105,270,105
444,205,581,205,581,265,444,265
86,217,105,213,141,207,187,208,222,212,254,221,273,227,263,264,245,257,216,249,185,245,143,245,111,250,92,255
87,257,257,264,255,307,85,300
85,306,251,312,250,328,84,322
72,325,251,332,250,348,71,341
338,324,475,328,474,363,337,358
77,344,95,345,126,347,145,348,167,349,192,349,218,349,218,366,192,365,166,365,144,364,125,363,95,362,76,360
337,360,479,367,478,401,336,394
110,368,264,374,263,396,109,390
110,397,194,397,194,408,110,408
333,397,485,401,485,435,332,432
332,444,353,448,384,451,414,455,437,452,467,453,496,449,493,468,464,472,438,471,412,474,384,470,349,467,328,463
