1638,332,1687,329,1776,329,1848,324,1929,326,2009,326,2058,329,2059,357,2010,354,1929,354,1849,352,1776,357,1688,357,1639,360
2274,319,2425,341,2418,384,2268,363
363,411,926,328,953,509,390,592
2281,361,2400,373,2396,415,2277,403
1705,372,2020,372,2020,433,1705,433
2247,398,2264,399,2307,402,2333,405,2361,409,2397,415,2414,418,2416,453,2398,450,2355,443,2327,439,2305,437,2259,433,2242,432
1482,421,2191,421,2191,526,1482,526
1433,530,2381,522,2382,619,1433,627
133,631,441,631,441,664,133,664
1591,660,2296,660,2296,700,1591,700
377,681,605,630,630,747,403,798
224,848,1446,511,1554,901,332,1238
1579,704,2300,704,2300,733,1579,733
1360,943,1466,943,1466,972,1360,972
2494,1215,2587,1215,2587,1239,2494,1239
2547,1239,2587,1239,2587,1255,2547,1255
2446,1259,2587,1259,2587,1300,2446,1300
270,1292,781,1272,782,1305,271,1324
2543,1300,2587,1300,2587,1328,2543,1328
335,1318,696,1305,697,1330,336,1343
238,1344,298,1343,403,1337,535,1338,620,1333,725,1329,784,1325,786,1360,726,1364,621,1367,537,1373,403,1372,299,1378,239,1378
1721,1328,2110,1328,2110,1389,1721,1389
355,1382,716,1369,717,1398,356,1411
1717,1381,1850,1381,1850,1397,1717,1397
1761,1405,2049,1405,2049,1429,1761,1429
2443,1420,2587,1414,2590,1486,2446,1491
1923,1429,2061,1429,2061,1445,1923,1445
825,1447,1048,1435,1050,1458,826,1471
861,1465,1004,1458,1005,1481,862,1488
1805,1471,2186,1465,2187,1497,1806,1502
830,1470,854,1470,854,1486,830,1486
1052,1510,1099,1506,1186,1498,1235,1496,1300,1493,1388,1491,1435,1488,1430,1539,1383,1542,1302,1544,1238,1548,1191,1549,1101,1557,1054,1562
288,1501,334,1497,392,1494,478,1494,520,1494,591,1490,638,1487,630,1577,583,1579,527,1583,473,1583,391,1583,336,1587,290,1591
1802,1502,2114,1502,2114,1530,1802,1530
