12,9,279,13,279,59,12,55
156,84,177,80,193,80,214,76,238,76,263,80,281,84,279,99,261,96,236,91,215,91,194,95,176,95,155,99
327,88,355,86,430,77,503,80,584,83,664,77,692,76,692,92,664,93,585,99,502,96,431,93,356,102,328,104
340,153,602,153,602,232,340,232
234,191,253,191,253,209,234,209
461,272,485,272,485,286,461,286
234,273,255,273,255,293,234,293
282,351,296,348,320,345,344,344,373,346,391,350,406,354,403,370,389,366,371,362,343,360,322,361,298,364,283,367
427,356,455,356,510,359,574,354,636,346,691,346,719,343,718,359,690,362,638,362,576,370,510,375,454,372,426,372
180,349,190,349,212,352,219,351,232,352,249,350,264,349,264,369,250,370,236,372,219,371,208,372,189,369,179,369
