551,389,591,378,651,369,712,360,774,361,860,372,902,379,894,435,853,428,770,417,714,417,658,424,600,434,560,445
925,384,969,398,1028,425,1089,452,1164,504,1218,547,1242,568,1200,613,1175,591,1126,552,1057,505,1003,481,947,455,903,442
239,587,260,565,305,525,378,468,435,448,483,413,522,397,552,447,513,463,460,501,408,518,343,569,299,609,279,631
415,558,1074,554,1075,662,415,665
320,694,1161,684,1163,841,322,850
421,868,1075,868,1075,965,421,965
387,981,1109,981,1109,1106,387,1106
293,1140,1202,1136,1203,1229,293,1233
325,1240,1165,1240,1165,1337,325,1337
506,1384,990,1384,990,1462,506,1462
496,1478,987,1471,988,1553,497,1560
