-3,443,56,341,151,205,298,114,442,91,664,158,779,210,746,277,632,225,440,165,323,184,202,260,127,363,68,465
1151,203,1442,32,1820,674,1529,845
549,346,1179,314,1184,420,554,452
24,414,56,412,63,559,31,561
56,455,78,453,91,562,68,564
750,439,1114,457,1109,570,745,553
531,550,548,550,564,551,570,550,588,552,602,553,619,555,616,588,599,585,586,585,573,582,559,584,548,583,531,583
30,572,63,551,159,705,126,726
726,596,824,616,946,615,1016,620,1118,605,1222,549,1285,518,1364,624,1301,655,1138,735,1026,751,942,746,829,748,731,728
73,572,97,562,127,631,103,642
180,598,214,595,267,590,324,581,351,580,399,572,446,567,450,596,403,601,356,609,329,610,269,619,219,623,185,627
240,623,268,620,296,618,334,612,368,611,416,601,444,599,447,628,420,630,373,639,337,641,300,647,270,649,242,651
279,650,453,630,456,652,281,671
109,648,149,622,190,685,151,711
185,693,237,685,266,682,332,673,370,667,427,661,465,656,468,691,430,696,374,702,338,707,270,717,240,720,188,728
198,728,464,692,467,716,201,751
355,824,470,812,472,836,357,848
1460,833,1474,833,1474,849,1460,849
1424,863,1464,850,1470,867,1430,880
214,1055,254,1053,358,1053,431,1048,552,1046,641,1046,681,1046,681,1069,641,1069,552,1068,431,1071,359,1076,253,1075,213,1078
