1158,19,1516,19,1516,176,1158,176
250,61,789,86,786,156,247,130
1175,272,1213,271,1278,273,1326,271,1394,274,1438,276,1491,280,1490,319,1436,315,1391,313,1326,310,1279,312,1211,310,1174,311
0,384,48,384,48,428,0,428
0,435,48,435,48,483,0,483
1670,438,1769,438,1769,492,1670,492
1667,496,1769,496,1769,547,1667,547
6,502,80,502,80,560,6,560
1632,546,1805,564,1799,624,1626,606
0,563,70,563,70,585,0,585
453,813,559,719,699,620,844,590,992,616,1140,727,1233,814,1163,859,1070,772,960,693,846,673,730,697,631,762,524,856
1632,620,1796,627,1794,651,1631,644
1597,836,1789,790,1820,920,1628,965
601,850,1118,857,1116,1006,599,999
1641,1452,1734,1452,1734,1475,1641,1475
1632,1481,1744,1481,1744,1504,1632,1504
