500,840,531,840,531,853,500,853
335,937,878,801,914,945,371,1081
519,1140,555,1138,579,1135,621,1130,642,1126,682,1120,709,1115,710,1154,683,1158,649,1164,627,1168,584,1174,558,1176,522,1179
422,1198,798,1144,805,1195,429,1248
478,1248,739,1211,743,1235,481,1272
364,1400,831,1348,841,1441,374,1493
343,1514,835,1466,844,1562,352,1610
275,1771,292,1779,315,1791,343,1801,359,1807,371,1842,389,1844,408,1815,390,1813,346,1839,332,1834,303,1823,281,1812,265,1804
280,1820,352,1844,345,1866,273,1842
431,1831,442,1843,454,1851,463,1861,481,1874,464,1903,473,1916,498,1900,489,1886,457,1894,450,1888,438,1876,420,1863,409,1852
358,1847,428,1875,420,1896,349,1868
