320,599,386,497,465,401,586,311,723,248,943,224,1033,219,1034,281,944,286,738,308,614,366,507,447,436,533,370,635
1076,243,1102,250,1122,256,1145,264,1176,277,1187,279,1213,285,1203,338,1177,331,1154,326,1127,315,1108,308,1084,301,1058,293
1242,364,1302,309,1526,558,1465,612
971,708,1450,700,1451,791,973,798
632,715,877,711,878,799,633,803
971,901,1542,891,1543,979,973,989
474,909,883,903,884,994,475,999
1027,1429,1124,1404,1165,1389,1250,1345,1323,1283,1387,1214,1430,1156,1478,1196,1434,1254,1366,1328,1285,1397,1191,1447,1143,1464,1046,1488
434,1178,454,1206,485,1239,522,1279,563,1312,624,1354,652,1372,618,1428,590,1411,522,1364,478,1329,437,1285,405,1250,385,1223
1020,1359,1050,1351,1098,1336,1139,1318,1183,1296,1241,1256,1267,1237,1302,1289,1276,1307,1214,1350,1166,1374,1118,1395,1065,1411,1035,1420
843,1266,1029,1256,1032,1317,847,1328
592,1245,633,1270,713,1317,799,1343,838,1356,927,1363,1000,1372,1001,1438,927,1429,829,1422,781,1407,686,1378,603,1328,562,1303
675,1390,774,1415,759,1474,660,1449
812,1431,1003,1442,1000,1503,808,1492
