44,37,72,37,72,58,44,58
654,40,862,34,864,114,657,120
987,62,1033,66,1090,69,1185,76,1245,78,1332,80,1378,80,1377,106,1330,106,1245,104,1183,103,1088,95,1032,92,986,88
230,83,270,83,312,83,365,79,433,75,487,71,527,67,528,91,488,94,435,99,367,103,313,106,271,106,231,107
567,277,610,262,672,245,741,239,807,246,840,253,902,275,891,362,829,339,796,332,741,325,690,330,621,348,577,363
637,344,820,344,820,445,637,445
468,461,998,461,998,513,468,513
962,555,992,549,1033,544,1056,540,1099,539,1134,538,1165,540,1167,563,1135,561,1100,561,1058,562,1036,566,993,572,963,577
152,537,457,550,456,576,151,562
586,559,656,587,686,596,751,602,777,598,846,576,885,558,912,630,874,648,790,674,756,679,667,671,636,662,565,633
