170,18,205,19,198,209,163,207
861,16,924,16,924,491,861,491
1027,39,1122,27,1177,467,1083,479
1210,33,1252,33,1249,476,1207,476
1384,41,1420,41,1420,476,1384,476
249,154,309,137,446,129,544,94,624,61,738,60,819,36,804,90,723,114,638,115,565,145,459,184,296,192,237,209
1275,55,1316,55,1316,457,1275,457
1423,55,1459,55,1459,471,1423,471
350,73,368,70,395,68,421,67,448,72,476,77,493,82,486,117,468,111,444,106,418,102,392,103,370,105,352,108
1345,94,1381,94,1381,435,1345,435
1132,106,1164,114,1138,231,1106,224
936,116,997,116,997,392,936,392
564,132,579,137,606,145,642,153,666,156,685,154,714,151,721,181,692,184,666,187,637,183,598,174,569,166,553,160
1241,205,1282,205,1282,297,1241,297
1323,232,1340,232,1340,266,1323,266
343,246,716,246,716,292,343,292
1064,266,1106,266,1106,411,1064,411
162,277,197,278,193,494,158,493
259,307,808,310,808,353,258,349
280,425,796,425,796,467,280,467
