823,21,876,17,879,49,825,54
603,30,697,30,697,60,603,60
526,79,547,81,595,81,630,81,665,77,697,73,736,67,741,96,702,102,668,106,632,111,596,110,546,110,525,108
155,153,211,139,314,116,449,110,509,114,619,133,674,147,666,177,610,164,504,145,448,142,318,148,219,169,164,184
303,174,543,174,543,195,303,195
390,892,466,892,466,901,390,901
292,920,558,920,558,935,292,935
406,943,435,943,435,952,406,952
247,958,618,955,618,985,247,988
393,993,465,993,465,1005,393,1005
348,1010,521,1010,521,1036,348,1036
718,1018,791,1018,791,1027,718,1027
73,1023,159,1023,159,1033,73,1033
397,1055,461,1055,461,1068,397,1068
284,1072,562,1069,562,1083,285,1086
581,1081,688,1081,688,1093,581,1093
144,1085,273,1085,273,1096,144,1096
