258,46,564,46,564,85,258,85
261,118,530,118,530,138,261,138
260,145,469,145,469,166,260,166
260,174,530,174,530,193,260,193
339,305,358,295,383,287,413,281,442,282,476,292,496,299,492,309,472,303,440,293,413,292,386,298,363,306,343,316
280,397,310,364,378,305,421,297,468,305,533,368,562,401,528,427,499,393,449,343,421,339,395,343,342,392,312,424
394,341,464,341,464,401,394,401
48,352,161,352,161,376,48,376
46,378,64,380,77,381,94,382,106,380,129,381,138,379,139,397,129,399,106,398,95,400,76,399,63,398,46,396
49,402,197,402,197,421,49,421
269,437,286,429,333,529,316,537
558,427,574,434,539,522,522,516
305,434,342,436,342,446,304,444
525,436,542,436,542,442,525,442
366,448,482,448,482,466,366,466
319,466,529,464,529,475,320,477
58,469,82,469,82,477,58,477
353,478,496,478,496,492,353,492
396,492,453,492,453,501,396,501
452,505,498,502,499,513,453,515
369,508,396,508,396,517,369,517
354,515,497,511,497,531,354,534
347,538,367,546,389,552,428,556,457,552,491,538,510,529,516,538,497,548,461,562,429,567,387,563,361,556,341,548
