652,400,810,318,992,245,1252,214,1527,229,1791,341,1947,413,1893,487,1737,415,1502,318,1254,306,1012,334,863,393,706,475
1009,605,1065,602,1220,604,1344,600,1475,606,1591,604,1646,604,1645,636,1590,636,1474,639,1344,632,1221,636,1063,634,1008,637
1040,681,1086,678,1240,685,1322,677,1478,682,1665,682,1711,682,1711,708,1665,708,1479,708,1322,703,1239,711,1087,704,1041,708
1051,743,1097,748,1188,755,1381,764,1460,755,1602,757,1648,751,1648,777,1601,783,1460,781,1381,790,1186,781,1099,774,1053,769
1023,828,1683,828,1683,858,1023,858
989,901,1044,901,1207,905,1344,903,1471,905,1676,898,1731,896,1732,927,1677,928,1471,935,1344,933,1205,935,1046,931,991,931
984,991,1030,989,1176,982,1344,979,1456,980,1597,981,1643,982,1644,1008,1598,1007,1456,1006,1344,1005,1176,1008,1031,1015,985,1017
1001,1042,1710,1042,1710,1083,1001,1083
1025,1129,1071,1130,1191,1130,1336,1131,1456,1128,1587,1130,1633,1130,1632,1157,1586,1157,1456,1155,1336,1158,1191,1157,1072,1157,1026,1156
995,1201,1068,1201,1220,1191,1318,1198,1452,1196,1620,1200,1693,1200,1694,1241,1620,1240,1452,1237,1317,1238,1221,1231,1067,1242,994,1242
1072,1282,1638,1282,1638,1320,1072,1320
1015,1355,1061,1354,1205,1359,1318,1350,1445,1358,1590,1354,1636,1356,1636,1383,1590,1381,1445,1385,1317,1377,1207,1386,1060,1380,1014,1382
1004,1424,1050,1424,1235,1432,1318,1429,1455,1431,1646,1424,1692,1422,1693,1449,1647,1451,1456,1458,1317,1456,1236,1459,1048,1451,1002,1451
975,1497,1030,1498,1210,1503,1348,1501,1455,1499,1639,1503,1694,1503,1694,1533,1638,1533,1456,1530,1347,1531,1209,1533,1031,1528,976,1527
1005,1576,1060,1575,1232,1575,1322,1573,1456,1578,1590,1580,1645,1583,1646,1613,1591,1610,1456,1608,1321,1603,1232,1605,1061,1605,1005,1606
1020,1665,1057,1663,1187,1657,1321,1656,1453,1651,1582,1657,1619,1658,1620,1678,1583,1678,1452,1672,1322,1676,1187,1677,1057,1683,1020,1685
982,1723,1038,1723,1213,1726,1284,1724,1407,1723,1530,1726,1585,1727,1585,1757,1530,1756,1407,1753,1284,1755,1213,1756,1038,1753,983,1753
967,1794,1744,1808,1743,1844,967,1829
1084,1882,1120,1882,1206,1879,1273,1881,1369,1879,1438,1875,1475,1871,1472,1892,1435,1896,1370,1900,1273,1902,1206,1901,1120,1903,1084,1904
1537,1878,1627,1878,1627,1905,1537,1905
