1957,-1,2037,0,2029,496,1949,495
2155,27,2257,25,2272,710,2170,712
180,415,730,415,730,676,180,676
1173,646,1278,633,1406,634,1533,637,1700,677,1771,693,1882,725,1854,785,1743,753,1682,741,1524,702,1408,700,1279,699,1174,712
221,1232,294,1232,294,1326,221,1326
747,1647,821,1580,903,1519,962,1470,1049,1417,1135,1362,1222,1314,1248,1365,1162,1413,1078,1467,993,1518,939,1564,859,1623,785,1690
263,1368,346,1374,314,1812,232,1806
1827,1403,1975,1388,1978,1414,1829,1429
2460,1644,2690,1685,2498,2771,2269,2730
153,1562,207,1559,222,1896,168,1898
2334,1693,2388,1712,2276,2015,2223,1995
1763,1977,1789,1956,1858,1907,1908,1870,1973,1828,2052,1787,2107,1759,2144,1811,2090,1839,2003,1885,1945,1923,1898,1957,1825,2009,1799,2030
479,2008,547,2028,485,2239,417,2219
2618,2265,2684,2295,2534,2619,2468,2588
805,2443,918,2479,1034,2509,1147,2529,1272,2528,1404,2527,1491,2516,1497,2592,1410,2603,1272,2603,1141,2604,1015,2582,896,2551,783,2515
2291,2760,2378,2760,2378,2860,2291,2860
1801,3055,1849,3032,1912,2996,1992,2948,2065,2894,2105,2860,2169,2800,2205,2839,2141,2900,2099,2936,2022,2993,1940,3041,1875,3078,1828,3102
1406,4255,1441,4222,1500,4171,1568,4107,1616,4076,1668,4029,1724,3990,1784,4061,1728,4100,1671,4151,1628,4178,1561,4242,1517,4276,1482,4310
