24,11,133,24,125,91,16,78
158,36,817,36,817,86,158,86
378,102,419,101,526,106,577,102,662,97,741,102,787,102,787,129,741,128,661,123,578,128,525,132,417,127,377,128
94,160,261,156,261,180,94,184
729,164,826,164,826,181,729,181
410,193,545,190,545,211,410,215
666,199,826,197,826,221,666,223
802,221,822,221,822,229,802,229
674,236,826,236,826,260,674,260
44,238,506,238,506,286,44,286
758,257,824,257,824,265,758,265
580,270,826,270,826,300,580,300
704,293,822,293,822,301,704,301
15,310,54,312,172,307,257,316,324,306,414,311,454,308,454,331,414,334,324,329,258,338,173,330,54,335,14,332
659,307,826,305,826,329,660,330
752,329,822,329,822,338,752,338
756,344,826,342,827,371,757,373
285,366,308,364,344,365,368,363,389,365,429,365,444,366,445,382,429,381,387,381,369,379,344,382,307,380,284,382
165,363,228,363,228,381,165,381
10,416,31,403,55,390,76,388,100,394,121,411,135,424,124,435,111,422,94,408,76,404,59,405,41,415,20,428
285,396,314,394,340,394,373,392,394,391,428,395,454,397,453,414,427,412,392,408,374,409,340,411,314,411,284,413
157,393,228,393,228,410,157,410
367,412,451,410,452,420,368,422
158,422,228,422,228,441,158,441
306,428,332,426,359,426,418,424,458,426,498,425,525,426,524,440,498,439,458,440,418,438,360,440,331,441,305,442
633,437,828,437,828,452,633,452
423,441,541,439,541,449,424,451
289,450,497,453,497,472,289,469
158,451,228,451,228,470,158,470
704,453,721,454,740,455,771,454,783,456,808,454,824,455,824,464,808,464,783,466,771,464,740,465,720,463,704,463
402,470,496,470,496,480,402,480
291,480,321,482,359,482,422,486,471,480,503,485,532,486,532,503,502,502,471,497,421,503,359,499,320,499,291,497
568,484,591,483,644,480,696,483,743,484,792,483,815,483,815,496,792,496,742,498,696,496,644,493,592,497,569,497
158,482,228,482,228,499,158,499
41,493,50,497,61,500,74,503,82,502,94,498,103,495,107,508,98,511,84,515,75,516,58,514,47,511,38,506
365,502,534,502,534,512,365,512
288,510,363,512,362,531,287,529
156,512,228,512,228,529,156,529
257,517,269,517,269,525,257,525
124,563,470,565,470,575,123,572
595,565,601,563,613,562,622,561,630,562,645,565,651,566,648,577,642,576,631,573,621,573,614,573,601,575,595,576
794,568,813,568,813,574,794,574
689,566,734,566,734,574,689,574
756,570,777,570,777,577,756,577
