17,99,464,-28,489,59,42,186
222,8,273,8,273,17,222,17
493,56,509,56,509,62,493,62
121,64,148,64,148,73,121,73
404,87,409,86,419,87,425,86,436,88,441,88,449,88,449,99,441,98,436,98,424,97,419,97,408,97,403,97
467,146,472,137,477,126,493,117,509,111,515,103,528,96,536,101,523,108,514,118,496,125,484,132,481,141,475,150
360,105,413,105,413,114,360,114
264,120,330,120,330,133,264,133
338,129,389,129,389,138,338,138
361,142,403,139,405,155,362,159
310,144,349,144,349,152,310,152
240,148,306,148,306,189,240,189
0,168,32,168,32,176,0,176
348,233,359,242,371,251,388,256,397,256,411,254,430,249,437,265,417,270,398,273,386,273,364,267,348,256,337,247
448,256,460,246,501,296,489,306
