340,91,398,68,434,57,518,50,559,53,622,69,680,88,662,149,603,131,548,116,514,114,448,120,416,129,358,153
688,129,851,129,851,145,688,145
239,258,248,254,265,248,279,245,297,239,321,243,331,243,328,261,319,261,297,257,284,262,271,265,254,271,245,275
429,281,454,271,468,266,499,262,520,263,540,268,566,276,560,297,534,289,516,285,499,285,473,288,459,292,434,302
676,277,702,271,720,269,753,270,786,278,810,290,823,298,813,323,800,315,775,304,749,297,721,297,706,299,680,304
245,295,256,290,273,286,291,279,307,279,317,275,333,272,340,293,324,297,309,301,297,301,276,308,262,311,251,316
421,315,445,310,466,306,499,301,520,300,547,296,575,295,576,312,548,314,522,317,501,319,468,324,448,327,425,332
514,322,518,321,527,318,537,317,550,318,556,315,565,315,565,324,557,325,549,327,539,326,529,327,520,330,515,331
702,313,784,313,784,350,702,350
587,390,601,390,601,398,587,398
365,413,372,412,383,412,394,410,409,409,420,410,430,411,428,425,418,424,407,422,397,423,384,425,372,425,365,427
367,432,373,433,385,434,390,434,399,432,408,430,418,427,421,438,411,441,401,443,392,445,384,445,374,444,368,443
281,654,305,654,348,654,376,654,407,654,441,654,465,654,465,666,441,666,406,666,376,666,348,666,305,666,281,666
491,655,508,654,531,654,556,653,574,654,592,654,612,655,612,667,592,666,574,666,555,666,532,666,508,666,490,667
123,668,476,668,476,681,123,681
495,670,809,668,809,680,496,682
115,683,476,683,476,696,115,696
496,684,849,684,849,696,496,696
89,724,891,726,891,740,89,738
