803,157,813,156,826,156,839,155,853,157,867,159,877,161,874,181,864,179,850,176,839,175,826,176,814,176,803,177
243,170,253,168,266,166,278,165,295,165,309,167,319,169,319,190,308,188,293,186,280,185,266,187,254,188,244,191
794,175,883,181,880,217,791,210
236,188,324,188,324,224,236,224
624,227,1024,250,1017,371,617,349
91,253,489,245,491,364,93,371
688,431,717,437,781,449,810,451,876,453,907,450,953,443,957,483,910,490,877,493,808,492,777,489,707,476,679,470
170,452,196,456,252,462,288,463,349,457,386,452,434,442,440,478,392,488,353,494,290,499,252,499,190,492,164,488
768,485,871,490,870,510,767,505
248,499,351,492,353,511,249,518
