238,261,261,241,277,230,304,213,333,198,353,188,380,176,393,206,366,219,346,229,319,242,297,256,280,268,256,288
594,193,609,201,628,210,639,217,656,227,665,234,680,245,667,278,653,267,635,256,621,248,612,242,594,233,578,224
399,211,416,208,456,202,485,204,505,206,530,210,560,217,554,250,524,243,500,239,485,237,457,236,419,242,403,244
389,264,562,272,560,322,387,315
761,365,789,365,789,379,761,379
758,381,789,381,789,395,758,395
289,488,683,501,682,523,288,511
539,573,636,573,636,620,539,620
283,573,459,573,459,713,283,713
628,632,662,632,662,648,628,648
636,644,655,644,655,654,636,654
533,657,632,657,632,713,533,713
