2867,0,3250,0,3250,118,2867,118
134,172,212,126,321,73,473,46,596,53,662,64,780,102,747,260,628,222,574,213,492,207,369,227,283,271,206,317
1063,113,1321,92,1329,187,1071,208
1056,198,1664,136,1676,250,1068,312
1877,209,1932,206,2038,191,2103,191,2170,180,2282,167,2325,159,2331,219,2288,227,2178,240,2108,251,2044,251,1938,266,1883,269
275,250,632,217,646,367,289,400
2814,459,3276,423,3282,496,2820,533
2073,461,2525,426,2534,539,2082,574
2814,659,2883,650,2911,644,2987,641,3007,639,3068,631,3118,624,3133,723,3083,729,3028,736,2985,740,2922,743,2887,749,2818,758
243,698,647,672,652,749,248,775
2835,725,3450,695,3456,825,2842,855
2111,730,2184,731,2251,738,2298,745,2371,757,2467,800,2564,815,2447,888,2349,873,2330,887,2284,881,2235,874,2183,868,2111,867
254,889,506,870,513,965,261,984
247,971,840,923,849,1035,256,1084
2804,1000,3422,987,3425,1149,2808,1162
317,1426,656,1399,665,1519,326,1545
2241,1657,2578,1631,2587,1748,2250,1774
2859,1678,2922,1675,3002,1669,3096,1668,3195,1659,3255,1656,3332,1649,3335,1716,3258,1723,3201,1725,3096,1735,3008,1736,2927,1742,2864,1744
260,1855,304,1855,390,1852,471,1850,523,1841,599,1833,655,1822,657,1884,601,1895,528,1902,473,1911,393,1914,307,1917,263,1917
2889,1857,3169,1857,3169,1965,2889,1965
2885,1965,3449,1934,3456,2056,2891,2087
2332,1981,2484,1981,2484,2116,2332,2116
282,2043,527,2027,534,2122,288,2138
185,2129,738,2099,744,2226,191,2256
2852,2332,3447,2260,3461,2380,2867,2452
3034,2403,3353,2403,3353,2575,3034,2575
