628,13,653,12,682,13,701,14,738,21,760,29,784,39,775,72,752,62,728,53,699,48,681,47,653,46,628,48
249,222,291,211,356,199,430,193,510,198,590,212,632,222,625,245,584,236,507,222,430,217,359,224,297,234,255,246
273,279,630,279,630,307,273,307
601,367,729,363,730,389,602,394
660,417,728,420,727,439,659,436
299,785,569,783,570,798,300,800
236,813,277,812,355,811,439,810,501,810,589,809,635,809,634,834,588,835,501,835,439,835,356,836,277,837,236,838
418,843,465,843,465,853,418,853
311,858,575,858,575,898,311,898
620,879,697,879,697,890,620,890
172,887,253,883,253,894,172,898
427,907,451,907,451,918,427,918
255,930,283,930,361,930,453,929,519,929,581,928,609,928,608,942,581,943,519,943,453,943,361,944,283,944,255,945
323,963,365,960,398,959,441,958,490,960,532,958,574,959,574,983,532,982,489,984,441,981,398,983,365,984,324,987
346,993,536,993,536,1006,346,1006
268,1009,616,1011,616,1027,268,1025
526,1031,626,1029,626,1036,526,1038
277,1033,425,1033,425,1040,277,1040
