440,330,1023,438,974,702,390,593
728,580,739,585,762,596,782,607,796,615,817,625,831,633,817,650,804,642,784,633,776,627,751,614,729,604,718,599
410,625,513,637,595,656,691,672,786,700,906,748,990,782,962,834,878,800,766,755,678,730,584,714,498,695,395,683
853,626,1001,719,961,783,813,689
428,710,645,744,633,823,416,790
407,801,731,809,728,925,404,917
602,928,983,895,992,1000,612,1034
399,996,461,1007,587,1030,684,1048,784,1069,935,1097,997,1109,989,1148,927,1136,777,1109,677,1088,579,1069,453,1047,392,1035
834,997,986,1019,978,1078,825,1056
403,1071,462,1081,497,1088,575,1098,610,1104,677,1112,727,1118,720,1161,670,1155,604,1147,569,1141,490,1131,456,1124,396,1114
812,1139,837,1142,879,1149,910,1153,949,1160,985,1168,1010,1174,998,1207,973,1202,940,1194,905,1188,873,1184,834,1177,808,1174
487,1261,937,1279,933,1379,483,1361
537,1387,905,1378,906,1406,537,1415
379,1501,1002,1456,1007,1528,384,1573
528,1592,871,1552,883,1650,540,1691
707,1665,852,1647,863,1740,719,1758
601,1686,662,1686,662,1769,601,1769
