829,183,1143,107,1171,220,856,297
1194,570,1552,494,1580,628,1222,703
47,698,918,446,1001,734,130,986
1389,643,1595,643,1595,715,1389,715
1378,715,1601,715,1601,759,1378,759
1180,773,1686,773,1686,800,1180,800
1144,800,1686,800,1686,828,1144,828
1114,828,1683,828,1683,855,1114,855
1128,856,1182,854,1294,852,1374,850,1478,853,1591,854,1645,856,1644,885,1590,884,1478,882,1374,880,1295,881,1182,884,1128,886
1070,877,1692,877,1692,938,1070,938
1093,938,1141,937,1256,935,1369,936,1464,935,1596,936,1643,936,1643,961,1596,961,1464,960,1368,961,1256,960,1141,963,1094,963
1070,963,1124,962,1264,962,1327,961,1442,962,1563,961,1610,961,1610,990,1562,990,1442,991,1327,990,1264,991,1125,991,1071,992
1254,1001,1334,1001,1334,1029,1254,1029
385,1001,676,1001,676,1097,385,1097
1513,1015,1626,1015,1626,1062,1513,1062
1254,1034,1270,1034,1286,1033,1305,1034,1321,1034,1337,1034,1353,1034,1353,1056,1337,1056,1322,1056,1305,1056,1286,1054,1270,1056,1254,1056
165,1045,214,1045,214,1075,165,1075
1080,1063,1096,1062,1110,1063,1127,1062,1143,1063,1164,1066,1176,1068,1175,1091,1163,1089,1141,1085,1126,1085,1110,1086,1097,1085,1080,1086
800,1071,942,1063,947,1148,804,1156
1205,1075,1227,1075,1227,1106,1205,1106
1251,1075,1524,1075,1524,1106,1251,1106
104,1086,136,1086,158,1092,174,1085,216,1082,239,1081,271,1076,255,1137,223,1141,214,1144,186,1146,153,1154,131,1148,99,1148
1111,1089,1150,1089,1150,1111,1111,1111
365,1100,687,1100,687,1166,365,1166
1582,1111,1670,1111,1670,1166,1582,1166
165,1144,211,1144,211,1177,165,1177
