780,212,1377,142,1390,255,793,325
1097,267,1304,267,1304,303,1097,303
1860,883,2137,862,2140,898,1863,919
2298,880,2373,922,2241,1158,2166,1117
2543,949,2594,988,2499,1116,2447,1077
1545,1198,1579,1138,1643,1049,1746,986,1828,978,1907,986,2011,1019,1992,1092,1888,1059,1822,1053,1769,1058,1696,1102,1644,1176,1611,1235
822,1139,1339,1102,1343,1161,827,1199
576,1238,1508,1159,1517,1263,585,1341
725,1331,1379,1266,1389,1367,735,1433
2494,1271,2504,1294,2508,1307,2534,1329,2560,1336,2600,1359,2638,1363,2599,1385,2560,1381,2547,1380,2509,1366,2480,1342,2464,1315,2454,1292
1643,1385,1697,1428,1763,1466,1847,1484,1897,1470,1971,1430,2034,1381,2072,1425,2010,1474,1918,1524,1848,1543,1745,1522,1664,1477,1610,1434
1688,1705,1725,1705,1725,1753,1688,1753
