382,915,467,839,571,770,693,755,848,805,936,903,980,965,898,1029,853,967,795,894,681,858,605,869,533,920,448,996
1641,897,1707,840,1833,762,1947,751,2083,801,2185,893,2255,974,2157,1032,2088,951,2027,899,1931,862,1858,872,1781,927,1715,983
475,1177,554,1207,591,1213,691,1226,754,1210,815,1173,875,1127,922,1199,863,1246,783,1292,691,1312,573,1297,513,1283,434,1253
1722,1128,1770,1168,1841,1202,1905,1226,2006,1205,2064,1168,2111,1130,2164,1210,2116,1248,2032,1297,1906,1322,1813,1294,1726,1253,1678,1213
307,1430,1050,1409,1053,1512,310,1532
1566,1421,2308,1411,2309,1517,1567,1528
454,1521,904,1511,906,1611,456,1620
1713,1518,2162,1518,2162,1615,1713,1615
455,2180,923,2180,923,2454,455,2454
1737,2180,2211,2180,2211,2454,1737,2454
24,2830,133,2830,133,2873,24,2873
