310,326,338,306,387,283,444,268,499,270,578,302,619,321,593,372,552,353,484,325,444,326,403,338,361,358,333,379
649,432,678,432,678,529,649,529
390,468,419,468,419,481,390,481
393,481,416,481,416,548,393,548
227,483,289,483,289,499,227,499
232,500,276,500,276,508,232,508
289,531,313,531,313,542,289,542
760,537,931,537,931,564,760,564
786,569,801,569,831,569,850,569,875,569,901,569,924,569,924,582,901,582,875,582,850,582,831,582,801,582,786,582
430,594,647,601,646,637,429,629
929,676,937,677,947,677,959,680,963,678,972,679,980,677,981,693,973,695,964,694,955,696,946,693,936,693,928,692
