306,9,519,3,520,31,306,37
0,16,215,9,216,19,0,26
98,31,210,28,211,43,98,47
0,36,26,36,26,50,0,50
307,42,514,34,515,61,308,69
62,63,133,59,133,73,62,76
142,78,185,78,185,88,142,88
562,284,574,277,598,263,618,259,636,259,656,261,675,264,670,290,651,286,632,285,621,285,609,286,586,300,573,308
323,278,331,273,345,265,362,262,372,263,384,262,397,266,402,282,389,278,374,279,364,278,348,282,341,286,334,291
26,282,203,257,219,375,42,399
322,296,501,275,507,323,327,344
567,301,683,290,685,317,569,328
567,329,586,337,599,340,617,342,627,339,644,330,662,316,677,337,659,351,640,362,621,368,596,366,576,362,557,354
604,329,610,328,613,327,617,326,621,326,625,336,630,335,634,325,628,326,622,336,618,337,614,337,608,338,602,339
321,351,496,328,502,377,327,399
67,406,88,422,105,434,122,432,141,428,168,406,184,390,204,408,187,424,155,451,127,458,99,460,77,446,56,431
566,408,622,400,623,412,568,420
565,429,668,413,671,427,567,443
