30,244,831,232,835,465,34,477
80,531,285,533,285,574,80,572
664,542,774,542,774,572,664,572
218,597,602,597,602,616,218,616
311,616,509,616,509,634,311,634
221,633,602,633,602,652,221,652
269,652,296,652,351,652,407,652,450,652,506,654,534,655,534,670,506,669,450,667,407,667,351,667,296,667,269,667
233,668,590,668,590,684,233,684
146,680,199,680,199,708,146,708
632,680,686,680,686,708,632,708
259,684,286,684,347,684,401,685,457,684,516,684,544,684,543,699,516,699,457,699,401,700,347,699,286,699,259,699
304,697,515,697,515,728,304,728
233,726,588,726,588,740,233,740
512,775,647,775,647,794,512,794
