753,409,803,413,907,429,958,443,1054,481,1105,505,1168,539,1140,584,1077,551,1031,529,941,494,896,481,798,467,748,462
351,542,378,524,436,492,524,451,563,437,657,415,701,407,712,467,668,476,578,497,546,508,466,546,408,578,381,596
750,618,1206,618,1206,721,750,721
296,621,656,621,656,725,296,725
171,767,1346,759,1347,873,172,881
224,912,1281,904,1281,1029,225,1037
373,1028,1133,1048,1130,1157,370,1137
486,1175,1015,1168,1016,1261,487,1269
215,1281,1303,1281,1303,1381,215,1381
475,1412,1025,1412,1025,1503,475,1503
