185,16,206,16,206,32,185,32
316,14,325,15,333,17,340,18,350,19,355,21,363,23,363,39,354,37,345,34,339,34,330,34,321,31,313,30
53,86,137,86,137,109,53,109
52,120,164,120,164,146,52,146
53,158,180,158,180,182,53,182
234,176,249,176,249,185,234,185
358,179,366,178,370,176,374,177,382,178,387,177,392,177,391,187,386,187,380,188,376,187,369,187,366,188,358,190
272,217,356,217,356,234,272,234
286,260,446,260,446,284,286,284
308,296,442,301,440,332,307,327
326,337,442,337,442,366,326,366
346,380,446,380,446,418,346,418
394,422,441,422,441,449,394,449
0,430,94,430,94,444,0,444
