58,63,143,58,344,40,480,43,686,42,785,54,897,66,888,130,777,118,685,107,480,108,348,105,146,122,61,128
303,176,341,175,376,174,464,173,522,173,572,173,610,173,610,195,572,195,522,195,464,195,376,195,341,196,303,197
743,175,834,175,834,195,743,195
157,221,184,221,214,221,231,221,260,221,290,221,317,220,317,234,290,235,261,236,231,236,214,236,184,236,157,236
382,220,399,221,425,221,453,221,485,221,509,221,533,221,533,236,509,236,484,236,454,236,426,236,399,235,382,234
609,221,632,222,677,222,713,223,753,222,794,222,816,221,816,233,794,234,753,235,713,235,677,235,632,234,609,233
154,237,704,237,704,253,154,253
282,270,645,270,645,282,282,282
187,302,213,302,352,301,506,302,567,302,687,301,714,300,714,315,687,315,567,316,506,317,352,315,213,316,187,316
168,318,195,317,315,318,388,317,466,318,522,317,549,317,549,332,522,332,466,332,388,331,315,332,195,332,168,332
186,349,213,349,358,349,447,349,563,349,684,349,711,349,711,364,684,364,563,364,447,364,358,364,213,364,187,364
154,367,210,367,210,379,154,379
154,396,839,396,839,412,154,412
154,415,215,417,215,429,154,427
