567,429,599,421,661,407,751,402,813,404,875,413,916,422,909,465,869,457,812,448,750,446,666,451,605,464,574,472
961,430,1005,444,1065,473,1124,503,1202,563,1247,614,1267,640,1219,680,1199,654,1159,609,1089,554,1036,527,982,502,937,488
227,640,247,618,293,573,367,514,405,485,482,450,519,432,543,485,505,503,433,535,402,560,331,617,287,660,267,681
496,596,1015,596,1015,731,496,731
214,765,1312,758,1313,930,215,936
356,959,1134,959,1134,1075,356,1075
315,1112,1171,1112,1171,1221,315,1221
375,1226,1132,1234,1130,1367,374,1360
486,1380,999,1375,1000,1459,487,1464
508,1468,974,1461,975,1540,509,1547
