2555,143,2681,265,2319,642,2193,520
550,659,761,440,949,288,1241,214,1422,237,1703,415,1933,594,1812,714,1583,534,1364,396,1244,384,1018,444,894,545,683,764
2073,951,2251,804,2644,1280,2467,1426
718,917,835,1037,1102,1255,1259,1285,1398,1265,1655,1062,1809,923,1906,998,1752,1137,1447,1377,1264,1408,1053,1367,747,1123,630,1003
79,878,221,917,90,1381,-50,1342
2348,1526,2586,1526,2586,1591,2348,1591
1016,1575,1068,1575,1167,1573,1249,1573,1363,1569,1428,1566,1516,1560,1518,1616,1431,1622,1367,1625,1249,1630,1169,1629,1067,1631,1015,1631
2291,1591,2586,1591,2586,1631,2291,1631
1001,1636,1060,1637,1144,1639,1269,1637,1389,1633,1448,1629,1508,1626,1511,1659,1452,1663,1391,1667,1269,1670,1144,1672,1059,1671,1000,1669
0,1623,97,1623,97,1680,0,1680
1224,1764,1271,1753,1305,1752,1365,1736,1411,1739,1459,1748,1496,1758,1493,1810,1456,1799,1408,1791,1374,1788,1307,1803,1269,1804,1223,1816
