876,34,1327,3,1333,90,882,120
1436,40,1509,61,1546,72,1616,100,1695,132,1751,170,1801,203,1758,274,1708,241,1660,208,1585,177,1520,151,1487,141,1414,120
520,218,549,196,589,166,657,130,685,118,744,90,793,73,818,142,769,159,719,184,687,197,628,228,593,256,563,277
732,221,1588,229,1587,317,731,309
1000,325,1304,321,1305,361,1000,366
478,438,550,437,817,435,1215,430,1393,431,1686,428,1757,429,1757,470,1686,470,1393,472,1216,472,818,476,550,478,479,479
517,502,597,501,991,499,1197,496,1458,494,1769,496,1849,496,1849,540,1769,540,1458,538,1198,540,992,543,598,545,517,546
1044,566,1115,566,1325,565,1531,564,1734,565,1893,565,1964,565,1963,605,1892,605,1733,606,1531,605,1325,605,1116,606,1045,606
1021,632,1101,632,1318,632,1506,632,1705,632,1907,632,1987,632,1987,676,1907,676,1704,676,1506,676,1318,676,1101,676,1021,676
974,705,2138,699,2138,750,975,755
1007,772,2160,772,2160,826,1007,826
1229,845,1319,845,1489,845,1653,845,1899,845,2055,845,2144,845,2144,894,2055,894,1899,894,1652,894,1489,894,1319,894,1230,894
1219,921,1308,921,1463,921,1640,921,1817,921,2001,923,2090,924,2090,973,2001,972,1817,970,1640,970,1463,970,1308,970,1219,970
2205,945,2268,955,2225,1235,2162,1225
1207,1004,2153,1004,2153,1051,1207,1051
1649,1083,2153,1083,2153,1134,1649,1134
1248,1248,1337,1244,1528,1232,1703,1235,1842,1236,1964,1244,2053,1251,2055,1304,1966,1296,1842,1288,1700,1287,1528,1285,1337,1296,1248,1300
1476,1892,1601,1842,1796,1727,1911,1649,2002,1529,2088,1397,2144,1275,2210,1307,2153,1429,2061,1572,1961,1702,1839,1786,1630,1909,1505,1959
1140,1303,1238,1302,1423,1297,1582,1303,1810,1299,1987,1299,2074,1297,2072,1354,1986,1356,1809,1356,1582,1360,1423,1355,1239,1360,1141,1360
1359,1367,2012,1370,2011,1432,1359,1428
1294,1436,1983,1443,1982,1504,1293,1497
1301,1508,1926,1526,1924,1589,1300,1571
1450,1587,1852,1587,1852,1645,1450,1645
