177,74,694,78,694,116,177,113
753,243,794,218,888,175,998,155,1110,164,1171,174,1266,202,1239,281,1144,254,1101,247,1002,239,909,256,827,295,786,319
860,435,1209,438,1208,490,860,487
285,443,321,457,379,476,457,485,486,489,573,475,610,470,617,544,580,548,490,562,456,559,360,548,299,528,263,514
785,496,1309,512,1308,556,783,541
723,567,789,569,913,566,1022,572,1158,571,1279,572,1345,571,1346,609,1280,610,1158,609,1022,610,912,604,788,607,723,605
770,622,1345,628,1345,667,769,660
80,662,444,668,443,705,79,699
780,784,831,764,886,745,947,725,1031,706,1104,692,1150,686,1157,726,1111,732,1040,746,958,764,899,783,844,803,792,823
260,728,638,728,638,765,260,765
1077,743,1518,743,1518,782,1077,782
1002,782,1062,782,1127,783,1224,783,1292,785,1381,784,1441,783,1438,817,1378,818,1292,819,1224,818,1127,818,1061,816,1001,816
404,859,1092,865,1091,906,404,900
