120,533,195,517,269,506,334,502,431,509,506,526,569,546,554,600,491,580,422,564,334,558,277,562,208,572,133,587
815,552,885,531,956,517,1016,511,1113,518,1190,536,1250,554,1234,605,1175,587,1105,571,1016,565,965,570,898,583,828,604
293,594,372,594,372,639,293,639
972,602,1054,602,1054,650,972,650
144,669,179,673,201,675,224,674,253,670,294,672,312,671,311,698,292,699,254,697,225,701,201,701,181,699,146,696
390,672,409,672,437,673,475,673,502,678,524,676,543,678,545,705,526,703,500,705,475,699,434,700,409,699,391,699
830,684,990,677,991,707,831,713
1064,678,1086,679,1114,679,1141,682,1182,684,1206,683,1221,682,1223,713,1208,713,1179,714,1141,712,1110,710,1086,710,1064,709
275,737,296,745,323,754,348,756,379,752,406,746,421,741,430,770,414,775,383,782,346,786,318,784,288,774,267,766
953,744,974,753,996,762,1022,764,1058,761,1080,756,1101,748,1110,777,1089,785,1063,791,1020,794,993,792,964,782,943,773
237,863,468,863,468,905,237,905
911,871,1140,871,1140,913,911,913
163,1401,202,1401,268,1401,339,1401,408,1401,474,1401,513,1401,513,1422,474,1422,408,1422,339,1422,268,1422,202,1422,163,1422
139,1425,178,1425,255,1425,338,1425,415,1425,498,1425,537,1425,537,1446,498,1446,415,1446,338,1446,255,1446,178,1446,139,1446
105,1445,151,1446,247,1446,334,1447,474,1446,549,1446,594,1446,595,1470,549,1470,474,1470,334,1471,246,1470,151,1470,105,1470
162,1473,543,1473,543,1494,162,1494
838,1473,1174,1468,1175,1504,839,1509
154,1497,551,1497,551,1515,154,1515
99,1515,138,1516,239,1516,331,1518,451,1518,562,1517,601,1516,601,1537,562,1538,451,1539,331,1539,238,1537,137,1537,98,1536
