275,65,332,57,413,50,488,47,576,49,666,60,723,67,718,99,661,92,573,82,489,80,415,83,336,90,279,98
247,304,314,235,384,187,488,157,595,170,730,238,777,268,723,344,676,315,563,259,484,251,415,276,369,312,303,380
405,307,602,307,602,351,405,351
843,325,885,329,868,533,827,530
332,398,726,395,727,488,333,491
267,478,343,559,430,635,491,647,608,618,677,542,728,478,806,548,755,612,651,713,490,751,386,730,271,635,195,555
397,534,604,531,605,579,398,582
799,552,867,562,845,708,778,698
169,819,227,821,358,824,467,825,617,823,715,826,773,826,772,859,714,859,617,856,468,858,357,857,226,854,169,852
114,900,881,909,881,959,114,950
103,992,178,993,344,998,528,996,680,996,783,998,858,998,858,1040,783,1040,679,1039,528,1038,343,1040,177,1035,102,1034
84,1044,147,1044,306,1046,477,1047,659,1052,792,1050,856,1050,855,1087,792,1087,659,1089,476,1084,306,1083,146,1081,83,1081
63,1091,715,1101,714,1143,62,1132
152,1167,227,1169,350,1176,556,1172,634,1173,790,1174,865,1175,865,1218,790,1217,633,1215,556,1215,350,1218,226,1211,151,1209
63,1220,930,1228,930,1272,62,1265
65,1272,321,1272,321,1312,65,1312
180,1343,276,1362,365,1374,516,1385,613,1380,733,1362,830,1342,839,1405,743,1425,620,1443,516,1449,359,1437,266,1425,169,1406
