8,131,255,123,256,174,10,183
322,220,355,198,398,161,453,156,504,157,550,158,587,167,586,193,549,183,503,182,453,181,405,185,376,213,342,235
716,161,746,165,788,166,817,171,864,171,900,174,930,174,934,200,904,200,864,197,815,198,786,193,739,191,709,187
36,189,262,186,262,235,36,238
793,199,861,201,860,229,792,227
399,202,648,216,644,271,396,256
111,241,257,237,258,291,112,295
340,264,364,264,364,358,340,358
724,254,776,254,776,275,724,275
814,256,863,259,862,282,813,279
894,259,932,259,932,281,894,281
456,273,576,275,575,298,455,296
707,284,787,284,787,305,707,305
816,285,937,288,937,309,815,307
120,300,259,300,259,352,120,352
457,304,579,304,579,324,457,324
707,314,936,318,935,341,706,338
455,331,641,331,641,353,455,353
705,343,762,346,761,368,704,366
808,345,934,347,934,370,807,369
453,358,474,358,492,358,527,358,549,359,564,358,590,357,590,379,565,380,549,382,526,380,492,381,475,380,454,380
116,360,262,357,263,410,117,413
342,374,363,374,363,419,342,419
457,387,628,387,628,409,457,409
728,396,748,395,783,395,810,394,856,394,875,396,905,398,904,420,875,417,855,416,810,416,783,417,748,417,727,417
739,443,891,443,891,468,739,468
745,493,884,491,884,510,745,512
730,518,760,517,779,514,804,516,845,514,863,515,893,516,894,538,864,537,845,535,806,538,780,536,758,538,729,540
727,545,898,540,899,564,728,568
