20,1120,279,803,833,233,1362,137,1900,266,2351,689,2679,1089,2451,1273,2123,873,1788,537,1361,430,956,499,514,979,254,1296
1148,743,1494,749,1492,887,1145,881
750,945,1944,945,1944,1080,750,1080
885,1137,1754,1131,1755,1269,886,1275
831,1383,1868,1383,1868,1455,831,1455
696,1472,1991,1472,1991,1548,696,1548
552,1570,2164,1563,2164,1641,552,1648
540,1662,2164,1662,2164,1738,540,1738
889,1758,1813,1753,1814,1830,890,1835
370,1808,472,1943,610,2110,702,2183,854,2278,1023,2359,1205,2433,1160,2571,978,2497,790,2408,620,2302,507,2211,356,2030,254,1896
717,1852,2020,1852,2020,1927,717,1927
1464,2407,1635,2358,1831,2279,1931,2224,2072,2114,2223,1953,2335,1821,2459,1910,2347,2042,2175,2227,2017,2350,1902,2415,1680,2504,1509,2554
