724,461,905,424,1123,418,1445,446,1639,530,1894,670,2098,818,1989,961,1785,813,1546,684,1406,621,1115,598,904,605,724,641
697,968,835,995,1080,1045,1411,1122,1659,1189,1831,1217,2045,1258,2021,1382,1807,1341,1631,1312,1386,1245,1049,1168,803,1117,665,1090
800,1235,1814,1432,1788,1566,774,1369
701,1479,1801,1643,1780,1783,680,1620
1857,1681,2067,1709,2051,1828,1842,1800
1010,1787,1833,1895,1815,2029,993,1921
848,2020,1623,2095,1608,2246,834,2171
1716,2125,1937,2134,1932,2261,1711,2252
857,2287,1939,2350,1930,2510,848,2447
851,2557,1532,2573,1528,2728,847,2711
1659,2598,2036,2598,2036,2723,1659,2723
