695,392,795,316,953,234,1153,184,1363,207,1578,292,1682,348,1650,399,1546,344,1347,266,1154,244,971,292,830,366,730,442
750,463,1643,446,1645,527,752,545
1104,561,1298,561,1298,645,1104,645
621,670,724,672,936,663,1175,673,1481,657,1598,657,1701,654,1702,713,1599,717,1482,717,1175,732,936,722,724,731,622,730
576,747,679,743,921,738,1216,734,1379,736,1621,733,1724,732,1724,790,1622,790,1379,794,1217,792,921,795,679,801,576,804
669,807,781,810,920,816,1213,806,1477,806,1656,804,1768,804,1767,869,1655,869,1478,871,1212,871,922,881,780,875,668,873
622,884,1754,884,1754,945,622,945
651,982,763,984,951,993,1212,986,1357,986,1594,988,1706,989,1707,1051,1595,1050,1355,1049,1213,1049,952,1056,761,1047,649,1045
787,1056,899,1058,1009,1058,1168,1062,1361,1069,1442,1069,1553,1073,1556,1136,1444,1132,1359,1132,1166,1124,1008,1121,899,1121,787,1118
618,1160,1750,1169,1750,1231,618,1222
735,1231,838,1234,975,1240,1136,1238,1338,1237,1504,1242,1606,1244,1607,1304,1504,1302,1337,1297,1138,1297,973,1300,838,1293,736,1291
771,1314,861,1311,1035,1315,1171,1309,1356,1323,1463,1313,1565,1310,1564,1369,1462,1372,1356,1382,1171,1368,1035,1374,861,1370,770,1373
1010,1393,1059,1391,1110,1388,1182,1387,1230,1392,1285,1395,1345,1406,1342,1460,1282,1450,1225,1447,1182,1442,1111,1443,1065,1445,1016,1447
