1765,42,1839,42,1839,91,1765,91
808,49,879,49,879,94,808,94
1283,49,1343,49,1343,91,1283,91
1698,242,1758,242,1758,281,1698,281
1042,367,1072,337,1137,402,1107,432
1674,358,1853,358,1853,436,1674,436
887,458,931,452,961,450,992,447,1043,448,1072,450,1101,454,1102,493,1074,490,1041,487,994,487,963,489,930,492,886,498
1678,457,1694,463,1714,469,1723,473,1742,477,1753,514,1770,517,1786,485,1769,482,1739,513,1718,508,1701,501,1689,498,1673,492
925,556,945,558,972,563,998,561,1023,563,1057,558,1077,557,1087,594,1067,595,1026,601,996,599,967,601,938,596,918,593
1090,597,1575,597,1575,668,1090,668
140,597,735,597,735,675,140,675
1204,720,1507,707,1510,759,1207,772
1276,824,1335,820,1375,819,1468,813,1508,803,1588,805,1647,794,1644,858,1585,869,1511,867,1475,876,1379,883,1329,884,1269,888
1343,903,1614,903,1614,967,1343,967
1366,1006,1663,996,1665,1059,1368,1068
548,1062,636,1062,636,1083,548,1083
548,1090,608,1090,608,1111,548,1111
548,1118,654,1118,654,1139,548,1139
