352,242,887,242,887,340,352,340
398,370,459,373,527,374,626,376,697,373,790,374,852,372,846,438,784,440,698,439,631,443,520,440,459,439,397,437
782,480,860,480,860,492,782,492
630,487,742,487,742,502,630,502
434,490,447,490,465,491,486,492,502,490,518,491,531,489,530,503,517,505,504,504,485,506,463,505,446,504,433,504
85,556,115,528,141,509,173,500,209,503,255,520,275,531,266,550,245,539,204,525,175,522,149,529,129,544,100,572
650,507,722,507,722,525,650,525
777,512,867,512,867,527,777,527
410,517,437,517,458,517,490,515,506,515,530,515,553,516,553,533,530,533,505,532,491,533,459,535,436,534,409,535
792,527,850,527,850,542,792,542
652,560,725,560,725,577,652,577
785,560,862,560,862,575,785,575
393,573,416,572,446,570,480,570,520,569,555,567,583,566,583,586,555,588,521,589,481,590,446,591,417,592,393,594
785,577,857,577,857,590,785,590
630,580,740,580,740,597,630,597
409,600,432,600,460,599,486,598,522,596,543,596,566,595,565,611,542,612,524,613,486,615,462,616,431,616,408,617
785,605,860,605,860,620,785,620
774,622,867,619,867,634,775,637
462,625,520,625,520,642,462,642
660,632,722,632,722,647,660,647
627,652,752,652,752,667,627,667
795,655,860,655,860,667,795,667
423,671,446,670,474,672,495,668,518,668,537,669,560,671,562,688,538,686,517,686,496,686,474,690,446,688,423,689
142,676,236,687,233,708,140,697
232,680,247,680,247,692,232,692
782,692,859,688,860,703,782,707
422,695,441,695,471,695,488,695,520,693,540,693,564,693,563,712,540,713,521,713,488,714,471,714,442,714,423,714
655,702,727,702,727,717,655,717
652,722,730,722,730,737,652,737
769,725,874,718,875,735,770,742
767,740,872,736,872,751,767,754
450,750,545,750,545,770,450,770
632,767,749,763,750,779,632,783
779,776,864,772,865,787,780,791
429,776,564,773,565,792,430,795
662,785,720,785,720,797,662,797
796,791,847,787,848,802,797,805
646,804,737,800,737,817,647,821
780,805,865,805,865,820,780,820
472,822,517,822,517,840,472,840
662,822,725,822,725,837,662,837
802,835,835,835,835,850,802,850
410,850,429,848,458,846,498,844,523,845,547,844,570,844,571,862,548,861,523,862,499,861,459,863,429,865,410,867
852,850,877,850,877,862,852,862
764,855,847,849,848,863,765,868
695,860,730,860,730,870,695,870
782,880,862,880,862,892,782,892
667,880,720,880,720,895,667,895
800,895,845,895,845,907,800,907
433,901,461,902,483,904,498,902,527,900,548,900,568,899,566,919,547,919,529,920,499,921,484,924,461,921,433,921
776,910,862,903,863,918,777,924
657,920,732,920,732,935,657,935
444,931,554,925,555,944,445,950
771,937,872,928,873,942,772,952
672,937,715,937,715,952,672,952
