623,233,659,224,705,217,759,214,794,216,842,227,890,240,882,271,834,258,788,247,759,246,708,248,665,255,629,263
456,226,519,283,417,393,355,336
594,293,637,278,692,264,764,259,817,266,871,283,906,298,895,327,860,312,810,297,764,291,697,295,647,308,604,323
991,316,1040,267,1108,336,1060,385
532,367,652,367,652,415,532,415
661,458,864,454,865,494,662,498
294,453,365,470,333,605,263,588
1127,477,1182,477,1182,555,1127,555
965,495,1047,495,1047,542,965,542
1120,587,1140,587,1140,685,1120,685
418,610,443,605,477,605,485,602,506,603,535,604,560,607,561,657,536,654,510,653,486,652,470,655,450,655,425,660
1127,687,1182,687,1182,775,1127,775
740,682,792,682,792,705,740,705
263,722,332,702,371,834,302,855
960,750,1052,750,1052,792,960,792
530,860,651,853,654,901,533,909
1068,873,1117,913,1055,987,1007,946
771,922,873,912,878,955,775,966
429,912,526,1001,474,1058,377,968
810,1063,836,1047,864,1040,863,1036,896,1023,912,1014,939,999,952,1058,926,1074,916,1081,895,1088,874,1100,854,1106,828,1122
607,1043,726,1062,714,1131,596,1112
