438,105,489,105,489,122,438,122
95,142,103,136,123,124,144,119,171,121,188,127,211,136,201,150,178,141,166,138,146,136,128,140,111,151,103,158
430,168,485,162,487,189,433,195
436,195,449,195,458,194,468,191,476,187,488,180,495,174,503,189,496,195,485,201,474,207,462,211,449,211,436,211
100,210,120,218,136,224,157,226,173,223,186,216,206,201,215,214,195,229,178,237,157,241,133,239,111,231,91,222
357,354,536,318,554,408,375,444
319,440,357,444,411,446,450,440,478,429,515,408,559,374,593,436,549,470,509,493,469,508,414,517,349,514,311,510
352,525,380,539,376,548,347,534
343,529,349,533,353,536,362,541,369,546,366,561,373,565,384,555,377,551,363,560,353,553,344,547,337,542,331,537
123,540,210,538,211,571,124,573
468,557,505,555,506,574,469,576
