433,98,583,98,583,142,433,142
79,217,192,188,336,163,486,154,663,168,820,211,931,248,910,318,799,282,650,240,485,227,344,236,210,259,97,289
417,274,430,275,456,281,487,279,522,282,543,282,562,283,563,309,545,308,519,309,485,305,456,307,431,302,417,301
96,332,912,350,911,401,95,383
136,417,865,432,864,486,135,471
260,486,755,500,754,537,259,523
464,546,475,543,495,543,502,541,514,543,534,543,546,545,541,566,529,564,518,564,503,562,492,564,475,565,463,567
186,608,545,618,543,688,184,678
170,674,211,679,290,684,343,689,421,687,468,689,514,688,512,714,465,715,419,713,343,714,288,709,209,704,169,700
160,713,195,713,254,714,315,716,385,716,455,721,491,723,489,749,454,747,384,742,315,742,254,740,192,739,157,739
217,799,428,799,428,827,217,827
225,882,694,894,693,912,224,900
333,981,692,988,691,1029,332,1021
298,1091,715,1101,714,1156,296,1146
96,1217,922,1231,920,1314,95,1301
293,1343,725,1352,724,1417,291,1408
