111,58,314,-5,325,27,122,91
309,67,324,49,357,19,388,8,423,12,470,42,487,56,471,72,454,59,415,34,389,31,367,40,342,63,327,82
365,52,458,52,458,104,365,104
340,106,460,106,460,134,340,134
229,199,396,201,395,239,229,238
272,244,358,244,358,278,272,278
124,282,489,282,489,350,124,350
212,424,398,424,398,445,212,445
222,462,388,462,388,484,222,484
143,490,469,487,469,509,144,512
234,516,376,516,376,536,234,536
197,542,413,540,413,561,197,563
177,566,208,566,254,566,303,567,357,565,405,565,429,564,428,586,405,586,357,586,303,588,254,587,209,587,177,587
