1899,449,2029,449,2029,490,1899,490
705,481,786,481,830,483,934,488,994,501,1065,528,1132,560,1115,602,1048,570,979,544,928,533,829,529,792,526,712,526
405,583,465,589,452,721,391,715
247,627,299,627,299,696,247,696
943,652,1016,652,1016,741,943,741
258,769,295,771,358,773,409,772,452,772,508,763,544,757,550,808,513,814,457,823,411,823,359,824,294,822,257,820
874,805,1048,805,1048,886,874,886
184,852,242,853,386,851,458,852,588,845,672,845,761,842,763,894,674,896,588,896,460,903,387,903,242,905,184,903
1195,954,1218,950,1247,946,1267,944,1294,943,1314,942,1337,941,1337,986,1313,986,1293,988,1271,988,1251,990,1224,995,1200,998
1575,943,1741,943,1741,992,1575,992
1919,984,2207,984,2207,1040,1919,1040
1213,996,1384,990,1387,1048,1215,1055
213,1120,232,1100,253,1081,282,1061,328,1043,348,1041,376,1038,400,1084,372,1087,343,1092,307,1107,283,1123,268,1137,249,1158
602,1139,674,1153,759,1164,850,1155,901,1132,1000,1082,1042,1050,1069,1093,1027,1126,923,1179,860,1205,758,1216,667,1204,595,1190
2196,1095,2587,1070,2591,1134,2200,1160
1255,1101,1482,1101,1482,1190,1255,1190
1823,1099,2056,1111,2052,1190,1819,1178
198,1185,237,1172,314,1147,354,1140,423,1135,500,1131,542,1133,545,1214,503,1213,434,1216,359,1222,334,1226,263,1250,224,1262
243,1271,494,1271,494,1356,243,1356
165,1381,207,1388,280,1394,363,1396,421,1387,486,1374,514,1366,526,1423,497,1431,428,1445,366,1454,281,1453,208,1447,166,1439
