531,243,538,241,549,238,562,236,570,238,586,239,596,243,592,257,582,253,570,252,562,250,552,252,540,255,533,257
533,259,602,259,602,300,533,300
232,287,242,288,254,289,266,290,281,289,291,291,301,291,302,305,292,305,282,303,265,304,253,303,242,302,232,301
587,297,612,297,612,318,587,318
524,298,555,298,555,318,524,318
295,316,318,317,361,324,412,320,462,317,494,318,539,317,535,351,491,352,463,351,416,354,359,358,315,351,291,350
263,358,570,360,570,389,263,388
299,392,325,391,377,389,428,391,464,392,496,392,530,393,529,412,495,411,464,411,427,410,377,408,325,410,300,411
280,440,295,440,318,439,336,439,353,439,369,439,385,439,384,459,369,459,353,459,336,459,318,459,294,460,279,461
433,440,558,443,558,462,433,459
