208,80,216,79,226,77,245,72,253,70,266,67,278,64,280,75,268,78,255,81,248,83,229,88,218,90,210,92
240,85,254,85,254,96,240,96
201,106,212,104,231,98,250,94,262,91,283,85,293,82,299,102,289,105,267,111,255,115,238,118,217,124,206,127
336,106,348,98,361,90,375,88,395,87,414,93,428,99,425,125,411,119,391,113,377,114,373,114,353,124,341,132
225,122,235,119,244,115,256,114,267,111,273,109,282,105,288,125,278,129,271,131,262,134,250,135,240,139,230,141
362,156,372,161,386,166,389,168,400,172,412,176,422,178,416,197,406,195,395,192,384,188,375,184,365,180,355,175
333,159,343,166,367,179,381,184,400,190,426,190,438,190,438,214,426,213,397,213,373,206,360,201,329,184,319,178
98,193,111,196,129,200,147,203,165,206,185,206,198,205,194,223,180,224,164,225,143,222,126,219,108,215,95,211
353,198,387,212,382,224,348,210
280,200,381,239,367,276,266,238
109,218,185,231,181,252,105,239
249,227,266,233,290,243,314,253,337,265,368,280,390,290,365,313,343,302,325,296,300,284,275,274,253,265,237,259
456,257,493,254,494,269,457,272
447,274,453,273,464,273,471,272,480,272,489,270,496,270,496,283,490,283,480,285,473,285,465,286,454,286,448,287
254,274,354,312,340,350,240,311
57,281,167,288,166,314,55,306
432,289,496,283,498,300,433,306
221,296,358,351,343,387,206,331
85,313,128,316,127,335,84,332
20,330,190,341,188,369,18,357
35,362,165,370,163,413,32,404
412,373,477,391,471,413,406,395
409,396,471,413,466,435,404,418
402,417,416,423,427,425,433,428,444,430,456,433,466,436,460,456,450,453,438,450,429,448,422,445,410,443,397,437
140,469,169,469,169,482,140,482
406,486,414,484,423,483,429,482,434,482,444,482,450,482,450,493,444,492,436,492,430,492,423,494,414,495,406,497
94,485,176,485,176,506,94,506
410,496,450,491,452,505,412,510
94,506,173,506,173,525,94,525
407,514,458,510,459,529,408,533
398,532,467,526,468,546,400,551
214,556,222,553,233,549,245,546,258,541,270,536,281,531,284,547,273,552,263,556,251,561,238,565,226,569,218,572
222,572,231,570,245,567,255,562,266,558,277,554,285,551,291,567,282,570,270,573,262,577,250,582,233,586,225,588
417,561,461,558,462,572,418,575
