143,375,222,327,405,238,627,216,744,223,957,304,1097,362,1031,503,891,444,707,374,624,371,447,387,292,466,214,513
341,398,500,390,601,382,733,428,872,490,987,585,1042,639,965,702,910,648,830,579,693,518,588,480,536,482,377,490
336,905,855,901,855,972,336,976
249,986,947,986,947,1065,249,1065
213,1081,989,1081,989,1236,213,1236
292,1265,884,1265,884,1299,292,1299
315,1307,360,1307,464,1305,585,1307,687,1305,813,1304,858,1304,858,1330,813,1331,687,1332,585,1333,464,1331,360,1333,314,1333
299,1339,910,1339,910,1370,299,1370
310,1379,355,1380,459,1379,601,1382,666,1380,774,1379,819,1377,819,1403,774,1404,666,1405,601,1407,459,1405,354,1406,309,1405
478,1423,710,1423,710,1452,478,1452
