49,263,168,274,164,313,45,303
914,287,1021,287,1021,358,914,358
38,305,65,305,89,305,116,308,134,310,168,314,183,316,179,345,165,342,132,339,115,337,85,333,68,334,41,334
646,354,660,338,686,316,716,308,751,314,774,332,792,348,781,360,763,343,744,329,716,324,692,331,671,349,657,365
684,353,752,353,752,369,684,369
265,412,383,418,381,452,264,446
701,430,735,432,735,441,701,439
292,448,355,452,354,466,291,461
686,457,696,459,710,463,720,462,727,462,736,459,748,456,752,464,741,467,728,471,720,471,711,473,693,468,683,466
84,457,125,459,124,472,84,469
670,463,685,473,697,480,713,484,733,481,741,479,762,469,767,479,747,489,735,493,713,495,693,491,677,482,663,472
295,465,337,465,337,481,295,481
