67,14,602,3,604,77,69,88
527,73,602,71,602,87,528,88
18,106,586,98,587,169,19,178
349,178,380,199,335,263,304,242
349,262,362,243,373,236,392,205,413,191,442,184,466,180,470,211,445,214,429,217,416,224,398,254,382,267,369,286
21,209,216,209,216,228,21,228
72,236,166,238,164,293,70,290
295,253,325,274,285,330,255,308
343,268,374,295,300,381,269,353
68,307,175,304,177,351,69,355
56,373,190,373,190,421,56,421
368,412,544,412,544,453,368,453
2,437,249,437,249,486,2,486
378,458,533,461,533,502,378,500
57,501,201,501,201,548,57,548
417,511,489,511,489,546,417,546
352,556,556,559,555,597,351,594
83,582,99,579,117,577,133,571,155,561,185,559,201,555,198,587,182,591,161,593,146,600,128,607,105,611,89,614
