86,91,138,93,180,94,252,96,331,100,364,95,416,89,415,119,363,125,331,130,251,125,179,124,137,122,85,121
631,98,683,100,724,99,770,102,825,104,880,103,932,104,930,133,878,133,825,133,769,131,722,128,684,129,632,127
1158,106,1204,108,1246,107,1291,110,1355,114,1403,110,1449,108,1447,134,1401,136,1355,140,1289,137,1245,133,1204,134,1158,132
139,232,273,203,568,153,734,149,1048,169,1216,207,1348,240,1322,314,1190,280,1037,245,733,227,576,230,296,277,162,306
611,248,664,248,700,249,749,249,821,251,863,250,907,248,903,288,858,290,821,291,748,289,699,289,665,288,613,288
562,314,958,314,958,344,562,344
94,372,575,378,573,497,92,491
646,375,1080,375,1080,494,646,494
1146,373,1464,399,1454,522,1136,496
677,522,864,522,864,553,677,553
281,569,1259,583,1258,654,280,640
189,663,525,663,525,703,189,703
569,661,1326,665,1326,704,569,700
124,716,1406,732,1406,786,123,770
99,803,126,802,163,800,203,801,244,802,287,802,321,802,320,822,285,822,244,823,202,822,163,821,126,822,99,823
1200,806,1410,806,1410,829,1200,829
469,814,550,815,648,813,749,817,856,819,968,818,1048,819,1049,866,968,866,855,867,748,864,648,861,550,862,470,861
66,826,106,824,146,824,196,824,244,828,305,825,346,826,345,853,304,852,244,855,194,850,147,851,108,851,67,853
1166,835,1201,834,1248,831,1299,833,1358,832,1402,834,1448,836,1447,861,1401,859,1357,857,1299,858,1248,856,1202,859,1167,860
127,863,148,863,184,867,202,865,240,866,272,865,288,865,288,889,272,889,239,889,203,889,184,891,146,887,125,887
1219,862,1254,868,1275,870,1307,874,1335,873,1383,868,1402,865,1401,892,1383,895,1338,900,1306,900,1272,896,1252,895,1217,889
