350,15,390,-11,402,7,363,33
343,57,352,53,369,43,384,36,390,31,401,27,413,18,424,35,412,44,399,50,392,55,378,61,364,69,355,73
399,305,438,301,466,296,518,294,544,289,598,287,626,284,628,310,599,313,545,315,520,320,469,322,442,326,404,331
437,335,569,324,572,364,440,375
380,400,642,378,647,438,385,461
343,486,391,477,431,473,493,463,562,458,624,457,673,456,673,484,624,484,563,486,496,491,436,500,396,505,348,513
341,554,684,527,687,557,344,585
356,594,395,590,447,585,517,580,599,573,653,570,693,567,693,590,654,592,600,596,519,603,449,608,398,613,359,617
345,647,509,632,511,659,348,674
346,681,517,669,519,696,348,709
351,715,400,712,462,708,510,704,593,699,645,694,688,690,691,718,647,721,596,726,511,731,464,736,402,739,353,743
346,752,390,750,447,746,513,742,562,739,627,733,671,729,674,755,630,759,564,764,514,768,449,771,391,775,347,778
344,785,369,786,414,788,448,786,490,783,523,780,563,776,564,799,525,803,491,806,449,809,416,810,369,809,343,808
345,821,385,821,448,820,508,817,568,813,619,807,663,801,666,827,622,832,570,839,510,843,450,845,385,847,346,847
354,872,508,872,508,900,354,900
509,903,679,882,681,904,512,924
590,918,697,903,699,919,592,934
350,907,364,906,382,906,406,905,425,905,450,905,468,905,468,924,450,924,424,924,407,924,383,925,363,925,349,925
463,926,557,922,558,939,464,942
631,932,695,921,698,937,634,949
354,928,440,928,440,944,354,944
353,943,375,944,421,945,470,945,516,942,561,941,591,940,592,957,563,958,517,959,471,962,421,962,375,961,352,960
