99,187,206,151,428,87,575,70,789,61,1014,82,1125,95,1111,193,999,180,792,160,577,169,445,185,236,246,128,282
410,228,441,229,575,232,631,231,723,230,819,230,851,229,850,247,819,248,723,249,631,249,575,250,440,247,409,247
357,256,796,260,796,283,357,279
448,286,479,285,553,284,634,285,753,287,811,287,843,287,843,304,811,304,753,305,634,303,552,301,479,303,447,303
140,306,160,306,160,321,140,321
168,306,181,306,181,321,168,321
390,309,428,310,515,311,592,311,673,311,755,311,793,311,792,331,755,331,673,331,591,331,515,331,428,330,390,329
122,324,196,324,196,341,122,341
405,336,806,339,806,362,405,359
127,344,196,344,196,362,127,362
977,357,1089,357,1089,372,977,372
376,366,408,366,489,365,573,365,641,369,699,364,731,363,730,382,699,383,641,387,572,384,489,384,407,384,376,385
987,375,1099,375,1099,392,987,392
997,395,1115,395,1115,413,997,413
311,624,376,657,478,709,560,754,632,795,684,814,791,855,731,938,624,897,583,885,509,842,430,799,336,752,272,718
788,716,959,716,959,737,788,737
872,742,1002,742,1002,760,872,760
395,974,474,974,474,992,395,992
382,992,487,992,487,1012,382,1012
951,1012,1023,1012,1023,1030,951,1030
405,1015,466,1015,466,1033,405,1033
956,1033,1018,1033,1018,1051,956,1051
923,1053,1048,1053,1048,1071,923,1071
946,1071,1028,1071,1028,1089,946,1089
104,1125,311,1125,311,1145,104,1145
135,1148,295,1148,295,1166,135,1166
184,1374,206,1365,231,1357,274,1336,306,1321,338,1305,358,1294,372,1323,351,1334,320,1350,284,1366,245,1385,218,1395,196,1403
226,1405,371,1342,380,1361,235,1425
80,1495,196,1451,302,1415,430,1388,554,1361,684,1355,806,1345,802,1455,680,1465,570,1469,455,1495,329,1522,226,1557,110,1600
193,1413,227,1413,227,1436,193,1436
332,1544,401,1523,490,1496,590,1484,697,1471,794,1471,876,1470,876,1518,794,1519,697,1518,597,1531,500,1542,411,1569,341,1590
