123,430,300,374,683,274,1054,244,1295,255,1628,306,1905,367,1866,524,1588,462,1279,415,1059,406,709,433,348,528,171,584
426,543,1601,504,1604,592,429,631
573,644,730,650,878,665,1063,648,1191,638,1365,629,1485,618,1482,710,1362,722,1197,730,1064,740,880,757,732,742,574,736
551,823,645,819,836,809,995,804,1197,794,1478,784,1572,780,1574,835,1480,840,1198,849,998,859,838,865,646,874,551,879
499,879,594,878,857,868,1066,867,1225,855,1467,849,1561,843,1565,897,1471,903,1227,909,1067,921,860,922,594,932,499,932
452,1147,1628,1109,1630,1177,455,1215
480,1226,574,1224,768,1216,1014,1212,1302,1195,1576,1189,1671,1184,1673,1238,1578,1242,1303,1249,1017,1265,771,1269,575,1278,480,1280
552,1299,654,1298,788,1292,995,1294,1279,1275,1452,1272,1554,1267,1557,1324,1454,1329,1282,1332,998,1352,789,1350,655,1356,553,1356
1311,1399,1377,1399,1450,1407,1519,1395,1596,1391,1678,1390,1720,1390,1719,1450,1676,1450,1599,1450,1523,1455,1453,1467,1378,1459,1312,1459
315,1436,946,1420,948,1494,317,1510
1284,1493,1771,1465,1774,1522,1287,1550
777,1510,841,1510,841,1532,777,1532
844,1510,876,1510,876,1532,844,1532
