1114,0,1484,0,1484,254,1114,254
2121,0,2363,0,2363,76,2121,76
2546,-98,4140,433,4040,735,2446,203
22,61,1019,439,889,780,-106,402
573,1902,713,1446,1080,639,1489,327,2164,205,2897,488,3318,707,3173,942,2752,723,2164,482,1595,582,1286,825,981,1511,842,1967
4,788,679,890,632,1198,-42,1097
3534,867,4127,1049,4043,1325,3450,1143
2879,1191,3064,1191,3064,1337,2879,1337
2673,1411,3293,1163,3415,1468,2795,1716
27,1265,632,1457,536,1758,-68,1566
8,1786,850,2099,737,2403,-104,2090
1494,2592,1765,2650,2108,2676,2465,2596,2795,2390,2977,2180,3193,1869,3397,2011,3181,2323,2957,2579,2569,2822,2144,2922,1727,2896,1456,2839
3656,2095,4070,2095,4070,2503,3656,2503
1095,2378,1192,2347,1327,2304,1458,2253,1591,2208,1795,2122,1890,2087,1967,2272,1872,2307,1667,2393,1523,2442,1405,2488,1239,2541,1142,2572
3220,2369,4149,2662,4054,2961,3126,2667
267,2421,1622,2854,1513,3196,158,2763
2787,2765,3507,2899,3448,3217,2727,3083
