6,371,41,396,102,436,170,475,218,501,287,528,339,548,308,597,256,577,193,553,143,526,73,486,9,444,-26,419
940,570,1134,529,1352,507,1558,561,1714,667,1841,827,1942,998,1855,1036,1754,865,1648,736,1521,648,1342,602,1167,618,973,659
1375,650,1402,646,1440,643,1484,656,1510,667,1538,692,1566,719,1541,740,1512,714,1490,694,1472,687,1436,677,1403,679,1376,684
1089,810,1269,848,1261,884,1082,845
422,1810,512,1908,628,2025,791,2114,975,2184,1106,2187,1267,2181,1269,2276,1108,2282,953,2275,750,2198,576,2104,434,1961,344,1863
682,1956,727,1990,753,2010,816,2040,858,2054,911,2073,953,2084,932,2139,890,2129,837,2110,790,2094,726,2063,699,2043,654,2008
210,2040,298,2096,543,2239,670,2308,866,2404,1081,2494,1177,2533,1155,2589,1058,2550,841,2459,643,2362,514,2292,266,2147,178,2091
1662,2576,1714,2557,1756,2674,1704,2693
1921,2798,1964,2798,1964,2850,1921,2850
1451,2744,1467,2758,1475,2765,1496,2774,1506,2778,1503,2820,1520,2832,1547,2806,1530,2794,1497,2815,1474,2805,1461,2801,1448,2790,1432,2777
2062,2804,2079,2821,2106,2842,2117,2851,2141,2867,2139,2919,2158,2932,2191,2899,2172,2886,2122,2909,2100,2894,2081,2880,2049,2856,2031,2839
1640,2859,1692,2859,1692,2920,1640,2920
