402,131,430,129,478,129,519,124,554,126,587,125,620,128,620,153,587,150,554,151,522,148,477,155,429,154,401,156
771,144,785,149,808,155,831,165,855,168,881,175,896,177,891,196,876,195,850,187,826,184,802,174,778,168,765,163
462,252,505,252,505,265,462,265
461,263,497,267,495,280,459,275
449,288,518,290,518,296,449,294
220,362,389,365,388,386,220,383
670,367,725,369,724,378,670,376
222,393,380,393,380,411,222,411
222,411,385,411,385,428,222,428
915,416,932,416,932,433,915,433
222,428,336,428,336,446,222,446
907,436,944,436,944,457,907,457
220,447,343,447,343,465,220,465
222,465,379,463,379,481,222,484
217,484,240,484,268,482,294,483,336,482,359,482,383,481,384,500,360,500,336,500,295,502,268,500,241,503,217,502
220,502,454,495,454,514,220,521
338,654,460,645,461,655,339,665
257,652,267,652,275,653,282,652,292,651,300,650,310,649,307,662,298,664,293,664,285,665,273,666,269,666,259,665
338,664,430,657,430,665,339,671
