628,138,645,135,674,132,696,141,716,159,726,174,736,199,718,205,707,180,700,170,687,157,672,150,648,154,631,157
607,150,628,157,607,220,587,214
258,253,569,246,571,313,260,319
384,327,474,327,474,339,384,339
262,364,316,368,367,371,463,371,502,366,571,363,633,355,632,396,570,404,508,406,463,412,367,411,317,409,262,404
290,424,331,424,377,428,441,420,499,412,553,410,608,404,608,441,553,447,500,449,444,456,381,465,329,461,289,460
295,473,605,456,607,493,297,510
292,525,608,504,610,539,294,560
330,697,647,685,649,745,333,757
427,756,551,745,552,758,429,768
322,801,370,803,418,803,498,800,537,793,595,785,648,773,650,805,597,817,542,825,501,832,419,835,372,835,324,832
375,847,605,823,608,853,378,876
717,852,806,844,807,863,719,871
365,889,394,886,449,886,492,876,537,870,577,868,617,864,620,890,580,894,540,896,495,902,452,912,395,912,366,915
392,918,425,920,466,921,483,920,519,909,552,907,583,898,588,927,556,935,522,938,490,948,466,949,426,949,394,947
109,913,119,913,142,915,163,912,179,911,201,908,216,906,220,927,204,929,180,932,165,933,143,936,118,934,107,934
