183,81,189,82,199,84,207,85,216,87,225,92,233,96,227,104,219,100,214,97,203,94,197,93,187,91,180,90
159,93,213,106,263,118,308,129,385,150,423,160,477,174,469,206,415,191,376,181,299,161,254,149,206,137,151,124
131,124,311,175,303,205,122,155
118,161,138,168,157,172,172,178,192,183,214,190,223,192,218,210,208,208,187,201,166,196,151,191,134,186,114,179
109,183,129,189,157,197,184,205,212,213,244,222,264,228,259,246,239,240,207,231,179,223,152,215,124,207,104,201
384,203,403,208,419,213,426,214,441,219,459,224,472,228,464,254,451,250,434,245,420,241,412,238,398,235,379,230
376,261,388,263,405,267,417,270,429,274,443,278,453,282,447,303,436,300,422,296,412,292,398,289,382,284,371,282
449,296,636,358,563,579,376,518
382,309,435,325,384,486,331,469
464,361,513,377,476,498,426,483
428,371,456,380,431,462,404,454
401,377,427,384,412,441,386,434
220,501,385,569,369,607,204,539
