307,0,387,0,389,403,309,403
459,-1,536,0,527,385,450,383
590,0,663,0,665,395,592,395
719,19,794,18,798,420,723,421
129,275,977,659,789,1075,-58,691
283,453,340,435,461,404,576,406,660,419,809,464,864,486,851,521,796,499,651,454,573,443,464,441,351,470,294,488
290,511,349,491,436,467,536,455,620,463,666,474,726,498,717,531,657,508,615,497,538,489,444,501,361,523,303,543
777,514,801,525,816,534,844,550,872,569,887,580,908,596,883,623,862,607,851,599,823,581,798,566,786,559,763,547
322,660,358,645,459,608,533,604,605,617,674,647,709,669,692,717,657,695,593,666,534,655,471,657,377,692,341,707
321,665,718,665,718,811,321,811
218,723,234,715,245,709,262,698,272,690,285,681,299,670,321,696,307,707,294,717,284,724,261,740,252,745,236,752
745,699,801,699,801,744,745,744
438,891,631,898,629,944,437,937
451,947,611,947,611,990,451,990
577,1003,612,1003,612,1022,577,1022
492,1006,580,1006,580,1022,492,1022
