517,356,815,292,1456,176,1994,264,2360,393,2661,594,3065,937,2890,1193,2486,849,2223,671,1925,566,1476,485,863,598,566,662
1457,783,1492,791,1504,794,1528,799,1575,815,1555,885,1586,908,1627,852,1595,828,1536,873,1520,868,1501,864,1471,857,1436,849
1412,815,1554,836,1771,859,1895,863,2036,874,2037,877,2235,850,2381,1091,2183,1118,2027,1155,1878,1144,1722,1136,1527,1116,1385,1095
1212,1109,2502,1367,2475,1506,1184,1248
1656,1851,1800,1806,1813,1848,1669,1893
1810,1891,1834,1897,1868,1907,1900,1908,1929,1915,1961,1925,1984,1934,1972,1981,1949,1971,1917,1961,1892,1956,1857,1954,1827,1944,1804,1939
905,1940,1054,2039,1400,2220,1903,2381,2184,2423,2521,2422,2692,2413,2712,2508,2541,2517,2179,2520,1883,2477,1363,2310,1004,2123,854,2024
1774,1955,1816,1974,1862,1981,1891,1995,1943,2002,1999,2010,2044,2013,2016,2098,1972,2095,1929,2090,1882,2084,1849,2070,1785,2058,1744,2039
1873,2092,1940,2092,1940,2131,1873,2131
1658,2089,1719,2104,1806,2123,1898,2143,2032,2157,2115,2172,2177,2179,2158,2265,2096,2259,2015,2244,1882,2231,1789,2211,1702,2192,1642,2176
