263,162,297,162,297,190,263,190
162,375,203,367,231,364,284,363,328,368,355,374,395,385,384,419,344,408,322,403,282,398,234,399,211,402,170,409
188,408,209,405,254,398,287,400,321,405,345,410,365,416,362,428,341,422,319,416,286,412,255,410,212,417,191,420
195,457,221,451,256,444,291,445,322,451,350,458,375,469,367,519,342,509,313,501,288,496,262,495,226,502,200,508
236,505,247,507,265,508,283,511,304,511,315,511,330,512,328,533,313,532,303,532,281,531,263,529,248,528,237,526
137,547,185,539,225,535,280,534,322,537,373,548,407,556,387,621,354,613,311,604,278,602,229,603,198,606,149,613
226,600,329,600,329,659,226,659
163,679,195,676,238,673,284,676,312,675,359,683,395,686,388,708,352,706,309,698,283,700,239,696,198,700,166,702
211,703,228,702,254,701,286,704,307,704,333,708,355,709,349,732,327,731,304,728,285,727,253,724,229,726,212,727
215,769,232,769,261,769,275,769,298,769,322,772,343,773,339,796,317,795,297,792,273,793,260,793,232,792,215,793
