1484,0,1609,0,1609,75,1484,75
0,9,84,9,84,68,0,68
0,75,40,75,40,125,0,125
910,101,1104,97,1106,165,911,170
0,127,99,132,96,192,-2,188
807,202,849,185,923,160,993,152,1059,153,1154,170,1198,181,1182,263,1138,252,1050,237,996,235,936,243,881,262,839,280
1753,278,1847,278,1847,335,1753,335
1154,903,1759,859,1773,1059,1168,1103
1181,1128,1665,1077,1667,1103,1184,1154
457,1125,498,1122,538,1119,594,1112,625,1106,678,1103,713,1098,716,1124,681,1129,628,1132,597,1138,541,1145,501,1148,460,1151
1324,1651,1795,1604,1801,1669,1330,1716
