534,77,1066,77,1066,144,534,144
1121,176,1137,173,1175,165,1203,159,1246,147,1272,143,1301,138,1307,169,1279,174,1251,179,1212,190,1182,196,1142,205,1126,207
288,135,595,190,582,261,275,205
1009,204,1179,207,1178,251,1008,248
1180,266,1238,250,1281,240,1335,231,1406,225,1458,221,1496,221,1502,274,1464,275,1411,279,1342,285,1292,293,1253,302,1195,317
498,265,526,270,548,276,578,285,599,296,628,322,643,338,615,365,600,349,582,331,563,321,536,313,514,307,486,302
84,337,499,337,499,369,84,369
1084,339,1133,338,1200,336,1283,337,1360,342,1429,339,1478,339,1478,368,1429,367,1359,370,1282,366,1201,365,1133,366,1084,367
82,378,119,378,196,380,263,380,333,378,392,381,441,382,441,410,392,410,333,406,263,408,196,409,119,407,82,407
1092,377,1153,375,1220,380,1268,375,1362,375,1419,376,1480,377,1480,411,1419,410,1362,409,1267,409,1220,413,1153,409,1092,411
87,417,422,417,422,449,87,449
1091,419,1281,419,1281,447,1091,447
70,479,1529,482,1528,608,69,605
92,637,507,637,507,669,92,669
1084,635,1139,635,1206,635,1305,635,1369,635,1432,635,1487,635,1486,666,1431,666,1369,666,1305,666,1205,666,1138,666,1083,666
646,623,688,653,734,674,785,689,836,687,895,660,955,627,975,669,914,701,853,730,785,735,718,717,669,695,627,665
100,678,149,677,211,677,288,677,398,676,477,680,526,682,526,711,477,709,398,704,288,705,211,705,149,706,100,707
1091,677,1128,678,1221,680,1275,681,1359,681,1424,677,1473,674,1473,703,1424,706,1360,710,1275,709,1220,709,1129,707,1091,705
89,719,497,719,497,749,89,749
1091,718,1146,718,1216,720,1268,718,1339,720,1404,719,1460,720,1459,750,1404,749,1340,750,1268,748,1215,750,1146,748,1091,749
89,784,524,790,524,819,89,814
1091,787,1506,787,1506,819,1091,819
89,826,514,826,514,856,89,856
1103,828,1158,828,1238,828,1295,828,1370,830,1471,828,1520,828,1520,858,1472,858,1369,860,1295,858,1238,858,1158,858,1103,858
607,841,994,841,994,886,607,886
89,866,524,866,524,899,89,899
1086,866,1141,868,1206,868,1313,871,1389,870,1439,868,1495,864,1494,895,1439,898,1390,900,1312,902,1206,898,1141,898,1086,896
615,896,666,895,753,897,790,895,862,897,920,895,990,895,989,940,919,940,862,941,790,940,753,941,666,940,615,941
85,907,127,908,191,909,286,909,335,909,417,908,472,907,472,937,417,938,335,939,286,939,191,939,126,938,84,937
1091,909,1229,909,1229,941,1091,941
1252,912,1474,971,1452,1055,1229,995
137,967,335,929,353,1024,155,1061
658,946,704,947,766,949,793,949,857,950,900,947,945,946,944,994,899,996,858,998,793,997,766,997,704,996,659,995
297,1049,1301,1049,1301,1106,297,1106
