73,120,130,120,130,148,73,148
239,137,312,132,314,160,242,166
123,335,156,270,212,186,269,161,331,165,414,245,456,290,413,322,371,277,311,215,271,215,243,230,203,295,171,361
65,174,137,174,137,202,65,202
66,202,122,202,122,224,66,224
186,294,207,268,254,220,282,212,317,217,374,264,398,289,384,299,360,274,311,233,282,229,262,235,222,277,201,303
246,303,334,299,335,337,248,340
248,336,265,338,277,338,291,337,306,334,323,333,340,330,340,348,323,351,308,353,293,355,277,356,268,356,250,355
220,343,240,359,267,374,295,379,323,373,354,349,371,332,386,347,368,364,333,391,297,400,263,395,228,376,208,360
256,412,267,415,282,419,299,418,318,415,339,410,353,405,358,425,344,430,323,435,302,438,282,439,262,435,252,432
225,454,240,458,275,468,302,465,336,460,357,451,379,440,386,456,364,467,341,476,303,482,274,485,235,474,219,471
124,503,348,506,347,552,123,549
