9,16,36,16,36,36,9,36
140,18,169,18,169,38,140,38
25,175,35,175,51,174,69,175,81,175,90,175,103,174,103,185,91,186,81,187,68,187,51,185,35,186,25,186
163,178,171,177,190,178,198,177,213,178,224,177,236,177,236,189,224,189,214,189,197,189,189,189,171,189,163,189
89,221,173,221,173,240,89,240
0,255,81,252,82,289,1,291
103,262,110,264,120,267,135,268,144,267,152,265,163,261,165,275,154,280,147,282,134,283,118,282,107,279,99,277
0,300,21,300,55,302,95,301,139,304,175,306,196,308,192,330,172,329,136,326,95,324,56,324,20,322,0,322
0,334,72,334,72,404,0,404
0,418,110,413,111,443,0,448
