604,414,662,392,698,380,771,361,855,346,910,343,961,341,963,396,913,397,864,399,782,415,713,433,682,443,625,465
404,454,414,445,425,434,434,430,445,426,451,419,462,412,483,430,471,436,458,450,453,449,438,457,430,466,420,475
533,454,612,454,612,482,533,482
705,471,928,471,928,531,705,531
403,537,434,517,460,508,497,490,561,480,600,480,623,481,622,512,599,511,561,511,507,519,473,536,443,546,411,566
669,536,966,536,966,596,669,596
669,601,964,601,964,656,669,656
454,669,1171,669,1171,699,454,699
476,718,1168,718,1168,773,476,773
631,781,691,780,742,780,807,778,877,780,942,780,1002,781,1002,813,942,812,878,812,807,811,742,812,691,812,631,814
928,867,944,866,970,869,993,864,1019,862,1047,864,1068,864,1067,894,1045,894,1019,893,997,895,972,899,939,896,923,897
1162,868,1236,868,1236,887,1162,887
1113,893,1250,893,1250,906,1113,906
905,904,931,904,960,904,1003,904,1030,904,1054,903,1084,901,1084,922,1054,924,1030,925,1003,925,960,925,931,925,905,925
1162,912,1222,912,1222,928,1162,928
923,928,1075,928,1075,950,923,950
1141,930,1228,934,1228,952,1140,949
1029,962,1133,965,1132,994,1028,991
1034,994,1116,994,1116,1004,1034,1004
1350,1051,1391,1051,1391,1086,1350,1086
