1048,130,1165,150,1224,168,1326,208,1450,291,1504,335,1576,406,1524,459,1451,389,1406,351,1290,274,1198,238,1148,223,1030,203
526,396,556,367,638,286,706,245,814,187,876,159,975,120,999,195,900,234,845,259,743,315,688,348,612,423,582,452
387,823,1717,823,1717,886,387,886
471,898,1721,898,1721,966,471,966
363,1102,1753,1102,1753,1150,363,1150
267,1166,1785,1166,1785,1214,267,1214
327,1230,1781,1230,1781,1278,327,1278
315,1294,1797,1294,1797,1342,315,1342
843,1362,1274,1362,1274,1414,843,1414
456,1764,552,1897,768,2125,1017,2220,1171,2199,1497,1986,1641,1866,1744,1975,1600,2095,1220,2341,1003,2369,691,2253,437,1993,341,1860
