448,608,505,608,505,636,448,636
291,766,350,710,424,656,514,650,588,674,635,740,675,798,606,866,567,808,520,742,482,741,454,748,418,778,360,835
1613,744,1626,746,1634,747,1645,747,1656,744,1662,747,1675,744,1686,767,1672,770,1654,769,1647,772,1634,772,1623,770,1610,768
1030,764,1094,764,1094,796,1030,796
1410,985,1474,869,1504,830,1625,759,1702,763,1801,860,1874,937,1766,1023,1692,946,1641,886,1655,893,1609,920,1567,970,1504,1087
845,991,896,909,954,838,1067,797,1159,826,1214,896,1270,990,1189,1059,1134,965,1097,912,1079,902,1016,923,976,978,925,1060
388,876,427,894,447,901,484,906,509,903,546,891,584,874,606,924,568,941,524,956,492,960,433,954,410,946,371,928
380,1001,598,1001,598,1033,380,1033
1544,1004,1584,1021,1612,1033,1642,1034,1673,1036,1700,1024,1738,1010,1764,1059,1725,1072,1690,1088,1638,1088,1605,1087,1569,1074,1529,1056
322,1030,391,1035,454,1037,500,1038,575,1034,644,1028,704,1019,709,1064,649,1073,578,1080,501,1084,452,1083,388,1080,319,1075
963,1038,1002,1055,1024,1063,1074,1066,1092,1065,1123,1052,1161,1035,1182,1085,1144,1102,1107,1117,1074,1121,1015,1116,986,1107,947,1090
339,1076,380,1081,437,1085,501,1088,544,1086,604,1082,651,1077,653,1104,606,1109,546,1113,500,1115,436,1112,379,1108,338,1103
339,1120,703,1112,704,1141,339,1148
1527,1129,1568,1130,1611,1131,1653,1131,1674,1127,1726,1127,1752,1123,1756,1158,1730,1162,1675,1162,1652,1166,1612,1166,1566,1166,1526,1164
1419,1154,1470,1161,1545,1165,1620,1170,1684,1168,1746,1164,1825,1158,1834,1202,1756,1208,1685,1213,1621,1215,1544,1211,1466,1206,1415,1199
947,1159,982,1162,1030,1161,1070,1165,1098,1162,1138,1160,1180,1153,1182,1184,1141,1191,1099,1193,1070,1197,1028,1193,981,1194,946,1190
887,1184,932,1190,1002,1197,1070,1198,1135,1197,1181,1192,1247,1185,1253,1235,1187,1242,1138,1247,1070,1248,998,1247,928,1240,883,1234
1540,1215,1580,1217,1618,1218,1639,1218,1686,1214,1718,1213,1743,1212,1745,1246,1720,1247,1688,1249,1640,1252,1618,1253,1579,1251,1539,1249
968,1251,1171,1246,1171,1281,969,1286
1504,1251,1779,1251,1779,1276,1504,1276
940,1283,1200,1286,1199,1314,940,1311
