1765,218,1882,275,1725,599,1608,543
1316,699,1348,674,1397,637,1442,604,1493,583,1533,560,1590,543,1636,608,1579,626,1528,655,1480,674,1441,704,1407,728,1375,754
816,690,1129,666,1137,763,824,788
304,728,320,719,344,708,364,699,390,688,430,685,447,683,451,717,434,720,398,722,380,730,356,741,336,750,320,758
4,877,569,918,542,1285,-21,1244
2041,1194,2118,1194,2118,1275,2041,1275
652,1210,704,1210,704,1251,652,1251
563,1224,617,1217,630,1315,575,1322
639,1255,696,1255,696,1283,639,1283
639,1308,684,1308,684,1336,639,1336
1813,1494,1940,1515,1929,1582,1802,1561
1808,1563,1958,1584,1948,1654,1798,1632
