2468,177,2984,184,2983,309,2467,301
226,194,1457,194,1457,326,226,326
1931,205,2189,205,2189,289,1931,289
2445,370,2520,380,2629,379,2717,390,2797,382,2894,364,2989,340,2992,443,2897,467,2806,485,2719,493,2628,483,2518,483,2444,473
1931,405,2315,405,2315,484,1931,484
1220,421,1494,421,1494,473,1220,473
612,598,654,566,758,502,842,489,943,508,1007,545,1074,597,1039,646,972,594,921,565,844,550,772,560,691,613,649,645
2499,571,2548,572,2593,569,2661,580,2707,573,2742,587,2811,593,2821,687,2753,681,2696,666,2658,674,2582,663,2553,666,2504,665
1931,599,2162,599,2162,678,1931,678
1926,788,2500,802,2498,896,1924,882
700,937,734,950,801,971,841,972,888,970,962,940,995,927,1020,989,986,1002,906,1034,839,1038,796,1037,715,1013,680,1001
2604,941,2983,941,2983,1057,2604,1057
1931,989,2273,989,2273,1068,1931,1068
2455,1062,3251,1041,3254,1148,2458,1169
373,1094,484,1094,484,1141,373,1141
1845,1200,3251,1171,3253,1263,1847,1292
1131,1223,1190,1210,1270,1212,1320,1202,1400,1217,1467,1219,1525,1230,1528,1281,1470,1270,1393,1267,1317,1252,1272,1263,1186,1261,1127,1274
784,1220,889,1220,889,1294,784,1294
1845,1309,3198,1269,3201,1357,1847,1397
1345,1330,1631,1316,1633,1373,1348,1387
473,1320,1215,1320,1215,1405,473,1405
1828,1416,1897,1415,2023,1408,2171,1414,2237,1413,2392,1400,2461,1394,2465,1469,2397,1475,2240,1488,2169,1489,2024,1483,1900,1490,1832,1491
347,1422,1332,1431,1331,1518,346,1510
1850,1515,2662,1493,2665,1592,1853,1614
763,1526,931,1526,931,1615,763,1615
1856,1621,2583,1613,2584,1708,1857,1716
573,1641,1120,1641,1120,1726,573,1726
1847,1747,2115,1747,2115,1878,1847,1878
1378,1805,1562,1805,1562,1878,1378,1878
2673,1883,3110,1883,3110,1989,2673,1989
463,1941,1226,1948,1225,2036,462,2029
1845,2212,2010,2197,2193,2193,2400,2183,2665,2186,2913,2232,3041,2253,3014,2431,2887,2409,2665,2365,2396,2363,2193,2373,2030,2375,1865,2390
458,2231,583,2243,735,2247,871,2257,947,2248,1137,2244,1212,2235,1212,2317,1137,2326,950,2330,869,2339,734,2330,582,2326,457,2313
