150,191,206,159,316,108,448,92,530,103,634,145,712,188,668,290,589,247,501,211,452,204,346,215,247,263,192,295
390,289,404,284,453,266,474,264,507,270,541,274,572,284,568,303,537,293,505,289,472,284,456,285,414,301,400,306
401,301,422,299,473,289,501,290,540,295,574,298,607,305,603,335,570,327,538,325,498,320,475,319,434,327,413,329
386,302,407,302,407,330,386,330
393,321,611,321,611,375,393,375
389,328,403,328,403,342,389,342
426,374,456,372,483,370,521,370,549,370,572,371,603,372,602,394,571,392,548,391,521,391,485,391,456,393,426,396
417,391,607,391,607,414,417,414
177,665,256,692,365,722,446,727,527,711,583,699,680,660,690,747,593,786,546,797,446,815,344,807,244,778,165,751
194,883,628,883,628,921,194,921
84,960,738,960,738,1007,84,1007
248,1050,578,1050,578,1094,248,1094
79,1141,742,1141,742,1221,79,1221
119,1307,700,1307,700,1347,119,1347
79,1385,735,1385,735,1422,79,1422
