629,1,710,-2,710,9,630,13
747,24,792,24,792,35,747,35
820,42,886,40,886,54,820,56
1,52,14,52,14,62,1,62
-2,67,5,67,15,65,23,67,34,67,45,67,53,67,49,83,41,83,37,82,22,83,15,81,3,83,-4,83
2,88,49,85,50,105,3,107
728,96,796,96,796,107,728,107
632,132,691,135,691,149,631,147
704,150,740,150,740,158,704,158
3,390,56,390,56,412,3,412
615,472,885,482,883,539,613,529
0,512,132,503,133,519,0,529
-1,528,145,517,146,534,0,544
620,534,760,539,759,565,619,560
829,543,836,544,849,545,858,547,865,547,874,547,884,545,882,559,873,560,866,561,857,561,845,559,836,558,830,557
