533,50,553,42,585,32,612,33,633,37,654,50,671,63,658,79,641,67,624,55,610,54,586,52,562,61,543,68
579,54,616,56,615,69,578,67
553,76,647,76,647,143,553,143
571,146,580,146,588,146,597,146,608,146,620,148,629,149,626,166,617,165,608,163,597,163,588,163,578,163,569,163
7,203,731,236,727,322,3,290
4,297,457,297,457,316,4,316
54,508,441,508,441,576,54,576
427,710,737,710,737,771,427,771
160,768,178,767,210,771,237,768,271,770,288,771,311,773,310,793,288,791,270,791,237,789,211,792,175,788,157,788
176,792,249,792,249,809,176,809
1,794,457,824,451,919,-4,890
478,872,748,872,748,936,478,936
145,902,323,902,323,990,145,990
483,934,528,932,579,933,626,929,659,932,717,930,756,932,755,961,716,959,660,961,626,958,577,962,530,960,485,962
507,959,719,959,719,1022,507,1022
12,988,200,988,200,1014,12,1014
75,1004,383,1004,383,1022,75,1022
