726,300,1227,300,1227,516,726,516
78,816,1692,816,1692,858,78,858
1827,822,1851,822,1851,849,1827,849
657,858,1104,858,1104,1005,657,1005
1788,870,1917,870,1917,987,1788,987
1287,888,1425,888,1425,951,1287,951
42,1014,111,1014,111,1047,42,1047
201,1014,273,1014,273,1047,201,1047
363,1014,429,1014,429,1047,363,1047
507,1011,526,1012,542,1012,554,1014,569,1012,588,1012,607,1010,607,1046,588,1048,573,1048,558,1049,536,1048,522,1048,504,1047
675,1014,762,1014,762,1047,675,1047
840,1014,924,1014,924,1047,840,1047
986,1011,1005,1012,1024,1012,1037,1014,1053,1012,1067,1048,1086,1046,1094,1011,1075,1013,1054,1048,1041,1049,1019,1048,1004,1048,985,1047
1146,1009,1165,1012,1180,1014,1195,1015,1210,1012,1228,1013,1247,1012,1245,1048,1226,1050,1214,1048,1195,1051,1176,1049,1162,1048,1143,1045
1304,1009,1323,1012,1343,1014,1352,1015,1367,1012,1390,1012,1409,1009,1401,1044,1382,1048,1370,1048,1356,1051,1336,1049,1322,1048,1303,1045
1476,1014,1563,1014,1563,1047,1476,1047
1628,1009,1647,1012,1667,1014,1676,1015,1695,1012,1710,1013,1729,1012,1729,1048,1710,1050,1696,1048,1680,1051,1660,1049,1646,1048,1627,1045
1800,1014,1887,1014,1887,1047,1800,1047
