688,25,736,25,736,927,688,927
243,33,251,31,263,29,270,28,277,29,286,30,294,32,291,48,283,46,276,45,271,44,262,45,255,46,247,48
223,102,530,18,558,119,251,204
215,243,662,249,662,283,215,278
184,316,598,316,598,348,184,348
135,355,625,355,625,442,135,442
187,418,236,416,308,415,405,412,472,413,553,413,616,413,616,449,553,448,472,448,405,448,308,451,236,451,187,453
194,463,623,463,623,496,194,496
193,512,252,513,306,512,388,514,476,516,524,516,583,517,583,550,524,549,476,549,388,548,306,545,251,546,192,545
176,568,231,565,333,566,420,562,496,563,558,564,613,564,613,596,558,595,495,595,420,593,333,597,231,597,175,600
168,609,620,612,620,647,168,644
146,660,583,660,583,692,146,692
121,721,176,716,243,709,348,710,424,711,511,712,566,714,567,746,511,745,425,744,347,742,243,741,176,748,121,753
107,757,155,757,260,758,359,758,438,758,530,764,593,767,594,803,531,799,437,794,359,794,259,794,155,793,107,793
137,806,193,808,269,812,351,810,454,812,543,812,599,813,598,845,543,844,453,844,351,843,269,845,192,840,136,839
105,856,168,856,251,856,346,857,458,859,519,857,582,856,582,892,519,893,458,894,346,893,251,892,169,892,105,892
276,916,460,918,459,1001,275,998
300,1006,446,1006,446,1022,300,1022
