454,96,478,121,509,148,533,157,565,161,596,161,651,154,665,191,609,198,566,201,526,196,490,183,452,151,428,126
312,261,767,274,765,333,310,319
258,333,802,336,801,395,257,391
121,432,885,427,886,460,122,465
146,478,195,476,388,470,476,467,674,462,789,458,839,456,839,485,790,487,675,491,477,496,389,499,196,505,146,507
117,515,885,489,886,523,118,549
118,558,883,518,885,551,120,591
170,600,219,597,361,585,502,578,636,566,799,556,848,552,850,580,801,584,638,594,504,606,363,613,221,625,172,628
115,640,881,581,883,614,118,674
115,682,881,614,884,652,119,720
115,723,874,640,877,673,118,756
117,762,874,674,878,707,121,795
156,798,205,792,322,777,476,757,639,735,756,721,805,715,808,743,759,749,642,763,480,785,326,806,209,821,160,827
112,843,871,733,876,765,117,876
412,839,465,831,467,845,414,854
