427,224,460,170,533,80,620,34,726,27,832,56,922,94,896,139,806,100,720,78,631,83,563,121,503,197,470,251
453,316,514,392,598,479,689,504,781,500,909,401,976,344,1021,381,954,438,799,555,688,562,578,534,466,426,405,350
3,566,29,522,63,478,116,419,190,361,268,317,305,299,325,338,288,356,214,397,144,452,95,507,66,545,40,589
1086,381,1148,323,1479,676,1416,734
0,729,1432,749,1426,1205,-5,1185
0,1183,1371,1183,1371,1616,0,1616
1800,1197,2321,1203,2319,1362,1798,1356
1815,1351,2305,1351,2305,1519,1815,1519
126,1821,276,1825,427,1826,731,1824,927,1812,1078,1799,1228,1780,1236,1865,1086,1883,933,1897,733,1909,426,1911,272,1910,122,1906
752,2262,808,2250,930,2218,981,2201,1054,2173,1131,2124,1206,2077,1236,2119,1160,2167,1079,2218,1000,2249,945,2268,818,2300,762,2312
67,2075,132,2119,216,2169,318,2216,438,2246,507,2259,598,2266,592,2324,500,2317,427,2303,299,2271,189,2220,96,2165,31,2121
