385,7,454,3,455,16,386,20
617,14,688,7,689,20,618,27
40,-3,84,48,106,69,162,107,229,146,298,180,361,204,303,322,240,297,182,269,94,219,22,170,-37,97,-81,45
429,35,501,28,502,42,431,49
540,70,1070,67,1070,121,541,124
140,70,484,70,484,124,140,124
382,148,549,138,552,179,384,188
544,224,629,220,631,244,545,249
883,248,1329,210,1337,302,891,339
385,235,482,229,483,253,386,259
999,323,1496,286,1502,362,1004,399
0,358,484,358,484,421,0,421
672,341,747,341,747,398,672,398
542,375,631,369,633,395,543,401
978,402,1006,405,1065,407,1092,406,1131,403,1180,395,1213,389,1220,417,1187,424,1134,432,1093,436,1065,436,1002,434,974,431
377,443,559,433,561,481,380,491
540,527,556,529,572,530,589,530,604,528,620,526,631,524,633,547,621,549,605,551,589,553,573,553,557,552,540,550
384,534,480,534,480,557,384,557
426,557,810,557,810,639,426,639
983,557,1231,557,1231,608,983,608
1295,557,1496,557,1496,611,1295,611
379,599,414,599,414,639,379,639
541,685,553,686,571,685,591,686,604,685,624,683,635,681,634,704,622,706,605,708,591,710,569,708,555,708,544,708
377,686,480,686,480,712,377,712
374,749,630,749,630,796,374,796
