251,173,267,174,289,175,319,186,331,191,349,196,366,204,364,220,347,213,325,206,313,201,286,191,266,191,251,189
430,184,439,188,453,193,468,193,475,191,486,189,503,182,513,198,496,205,480,208,468,211,450,211,434,205,424,202
264,236,567,236,567,344,264,344
281,495,311,485,371,470,414,460,475,446,531,440,582,431,582,465,532,473,480,479,423,492,381,502,313,519,284,528
294,557,594,568,591,644,291,633
351,648,531,648,531,717,351,717
304,731,344,730,394,726,430,728,486,728,537,732,566,734,565,761,536,759,486,755,428,755,394,753,343,756,303,758
259,757,288,757,340,756,439,759,547,761,597,762,626,763,627,780,598,779,546,777,439,776,340,773,287,774,258,774
241,771,270,772,362,773,436,775,528,780,615,777,644,777,645,794,616,794,528,796,435,792,362,790,269,789,240,788
233,790,258,791,337,794,426,796,542,799,608,794,633,793,634,807,609,808,542,813,425,810,336,808,257,806,232,805
299,808,328,809,369,811,429,812,490,814,553,817,582,819,583,835,554,833,489,830,429,829,368,827,328,826,299,824
364,846,509,848,509,866,364,864
561,881,683,872,684,884,562,894
161,872,211,875,263,876,342,879,388,880,452,878,502,877,502,905,452,906,389,908,340,907,262,905,210,903,160,901
