41,179,52,177,74,171,89,172,109,173,128,178,142,183,138,198,125,193,107,188,88,187,76,186,56,191,45,193
325,176,397,176,397,442,325,442
459,294,468,273,496,224,528,204,566,193,625,198,646,202,642,236,621,233,569,228,540,237,520,250,499,288,490,309
400,211,417,212,414,405,397,405
25,248,48,236,80,219,107,221,133,228,154,239,180,258,165,278,138,258,123,251,104,246,84,244,64,255,41,267
278,286,321,286,324,442,281,443
575,340,618,336,619,346,576,350
70,354,88,362,96,363,110,366,125,363,143,353,156,344,163,361,151,370,132,381,113,385,93,382,79,379,61,371
499,362,520,381,542,397,563,402,586,401,615,386,640,371,655,388,630,403,592,424,560,425,533,419,505,399,484,379
86,407,93,407,109,409,123,408,132,407,150,401,159,399,164,411,155,414,135,420,125,421,108,422,92,421,85,420
