464,301,580,300,822,304,1027,310,1216,317,1448,330,1626,337,1617,442,1438,435,1210,422,1025,415,818,409,576,405,460,406
1143,459,1324,459,1324,502,1143,502
843,585,918,560,1050,529,1197,517,1351,530,1505,565,1579,586,1561,626,1488,605,1343,573,1196,560,1054,572,932,601,857,626
1052,601,1100,598,1159,596,1219,595,1292,597,1344,604,1400,611,1400,653,1344,646,1288,638,1218,637,1159,638,1099,640,1051,643
1101,683,1179,683,1179,719,1101,719
744,689,1065,695,1064,737,743,731
1258,689,1367,689,1367,719,1258,719
1397,701,1548,701,1548,738,1397,738
1597,707,1675,707,1675,744,1597,744
1064,713,1228,713,1228,750,1064,750
1270,713,1355,713,1355,750,1270,750
707,795,1730,806,1730,853,707,842
771,883,828,883,874,883,935,883,1000,880,1054,883,1111,884,1109,931,1053,930,999,928,933,930,876,930,827,930,770,930
1264,883,1724,883,1724,931,1264,931
1107,1004,1361,1004,1361,1052,1107,1052
853,1089,1052,1089,1052,1125,853,1125
1403,1082,1591,1082,1591,1119,1403,1119
1355,1125,1633,1125,1633,1161,1355,1161
792,1131,1113,1131,1113,1173,792,1173
1075,1216,1384,1206,1386,1253,1077,1262
967,1314,1494,1303,1495,1350,968,1361
720,1539,1035,1549,1034,1596,718,1586
1095,1550,1119,1544,1121,1536,1144,1537,1153,1537,1167,1581,1192,1577,1206,1531,1182,1535,1161,1584,1136,1584,1137,1580,1104,1589,1079,1595
719,1573,840,1573,840,1609,719,1609
