318,9,525,9,525,103,318,103
2077,15,2378,22,2376,110,2074,102
253,121,595,121,595,215,253,215
2057,131,2385,131,2385,220,2057,220
942,342,1753,342,1753,492,942,492
1092,494,1153,496,1236,500,1301,501,1379,504,1458,503,1527,504,1527,543,1458,542,1380,543,1300,540,1235,539,1151,536,1091,533
63,602,108,572,225,511,309,505,417,528,478,576,553,646,519,679,443,608,399,572,304,552,236,557,137,609,92,640
964,561,1035,561,1186,561,1288,561,1434,561,1542,563,1635,565,1633,615,1541,613,1434,611,1289,611,1185,611,1036,611,965,611
145,637,192,637,192,684,145,684
29,669,80,670,74,900,24,899
64,888,150,943,272,1003,359,999,445,953,519,816,560,726,613,737,572,827,482,992,378,1049,268,1057,120,988,35,933
201,853,412,853,412,885,201,885
183,890,220,889,260,888,298,889,348,890,408,889,438,888,438,919,408,920,347,921,296,919,260,919,217,920,180,921
257,932,360,932,360,960,257,960
1162,1106,1495,1106,1495,1228,1162,1228
1125,1378,1307,1378,1307,1425,1125,1425
1378,1383,1401,1382,1424,1378,1447,1382,1473,1382,1499,1382,1522,1382,1524,1425,1501,1425,1473,1425,1453,1425,1422,1421,1400,1425,1377,1426
1073,1462,1256,1462,1256,1509,1073,1509
1382,1462,1570,1462,1570,1509,1382,1509
1054,1668,1603,1668,1603,1790,1054,1790
970,1884,1387,1884,1387,2090,970,2090
960,2310,1162,2310,1162,2432,960,2432
1270,2315,1687,2315,1687,2437,1270,2437
1734,2550,1809,2550,1809,2615,1734,2615
1223,2711,1706,2717,1706,2771,1222,2765
918,2718,1092,2718,1092,2765,918,2765
684,2810,1954,2815,1954,2864,684,2859
754,2857,1884,2865,1884,2913,754,2906
