617,183,688,165,818,142,939,140,1098,165,1233,194,1302,216,1288,254,1219,233,1090,205,936,181,822,183,697,205,626,223
631,226,712,213,823,195,938,201,1083,205,1283,262,1361,281,1345,323,1266,304,1075,249,936,246,825,241,723,257,642,271
664,563,814,568,813,592,663,587
668,628,912,638,911,665,667,656
668,657,1037,672,1036,701,667,686
664,1015,1212,1025,1210,1120,663,1110
670,1125,1139,1155,1132,1263,663,1233
664,1255,915,1255,915,1356,664,1356
656,1413,1215,1417,1214,1460,655,1455
673,1463,732,1463,817,1464,929,1463,1050,1464,1139,1467,1199,1468,1197,1503,1137,1501,1050,1498,929,1497,816,1498,732,1497,672,1498
707,1513,752,1511,820,1512,893,1509,966,1509,1033,1514,1086,1516,1085,1551,1032,1549,964,1544,892,1545,821,1548,752,1547,707,1548
700,1636,785,1636,785,1660,700,1660
1006,1730,1025,1722,1050,1708,1076,1694,1103,1672,1130,1660,1157,1643,1173,1666,1146,1683,1116,1698,1093,1717,1064,1733,1039,1746,1021,1755
642,1778,675,1758,734,1854,701,1874
977,1801,1002,1782,1053,1849,1027,1868
720,1917,738,1906,763,1890,791,1872,820,1854,845,1836,866,1821,880,1845,859,1861,832,1880,807,1896,780,1913,752,1931,735,1942
917,1874,985,1829,1006,1861,938,1906
1019,1864,1050,1842,1124,1946,1092,1968
712,1867,741,1867,741,1891,712,1891
801,1955,813,1947,835,1928,858,1918,878,1900,902,1885,922,1868,936,1892,917,1909,894,1924,873,1942,851,1952,831,1969,819,1977
1115,1996,1148,1975,1229,2096,1196,2118
919,2117,931,2109,963,2087,1007,2052,1035,2029,1070,2002,1095,1981,1110,2004,1085,2024,1051,2051,1024,2074,980,2108,946,2131,934,2140
1049,2074,1082,2052,1145,2147,1112,2168
643,2268,1138,2262,1138,2284,643,2290
648,2361,688,2361,688,2381,648,2381
696,2409,862,2405,863,2431,696,2436
692,2458,988,2458,988,2482,692,2482
