1234,291,2063,521,1986,800,1157,570
731,858,795,813,929,735,1064,743,1224,824,1289,887,1365,994,1285,1064,1209,958,1161,910,1037,845,944,840,845,906,782,952
888,961,1217,994,1201,1145,873,1113
710,1092,817,1092,817,1159,710,1159
822,1120,1355,1191,1335,1339,802,1268
657,1659,2364,1263,2428,1537,721,1934
869,1977,1692,1835,1738,2098,914,2240
904,2280,2027,2030,2082,2273,958,2523
943,2576,2184,2248,2250,2499,1009,2827
693,3129,1004,3003,1276,2939,1428,2884,1750,2786,2103,2727,2371,2647,2414,2893,2146,2972,1798,3030,1514,3118,1333,3181,989,3252,678,3377
1797,3037,1895,2998,1969,2981,2068,2942,2155,2922,2247,2917,2329,2913,2348,3025,2266,3029,2169,3035,2100,3051,1999,3091,1918,3110,1820,3149
680,3520,824,3478,1088,3393,1339,3332,1660,3246,1949,3172,2094,3134,2122,3265,1977,3303,1697,3375,1371,3462,1129,3521,857,3608,714,3650
884,3640,1037,3579,1304,3492,1561,3409,1814,3396,1929,3345,2140,3306,2180,3424,1970,3463,1824,3520,1600,3528,1336,3613,1094,3691,941,3751
1850,3575,1944,3539,2023,3510,2081,3483,2147,3461,2217,3462,2292,3459,2364,3582,2289,3586,2195,3595,2122,3620,2059,3648,2036,3647,1942,3683
1032,3759,1126,3722,1224,3674,1357,3628,1461,3570,1612,3524,1705,3486,1725,3561,1632,3599,1488,3643,1393,3697,1248,3748,1167,3788,1073,3824
1171,3938,1251,3904,1406,3837,1568,3774,1646,3742,1797,3684,1914,3639,1948,3729,1831,3774,1683,3831,1601,3864,1440,3926,1302,3986,1221,4019
