963,71,1306,84,1295,377,952,364
1087,367,1195,367,1195,403,1087,403
558,477,1688,482,1688,552,557,547
964,561,1303,561,1303,608,964,608
417,615,1825,615,1825,687,417,687
947,699,1021,694,1056,694,1135,689,1190,691,1263,694,1303,697,1304,751,1264,748,1187,745,1135,743,1058,748,1022,748,948,753
584,760,672,760,837,760,1081,760,1308,757,1652,758,1741,757,1741,806,1652,807,1307,806,1081,809,837,809,672,809,584,809
467,806,1778,806,1778,853,467,853
521,860,600,859,895,855,1067,856,1325,856,1544,857,1624,857,1624,903,1545,902,1326,901,1067,902,895,901,600,905,521,906
467,904,1785,898,1785,947,468,954
551,950,640,951,934,950,1093,951,1328,950,1634,949,1723,949,1723,1000,1635,1000,1330,1001,1092,1002,934,1001,640,1002,551,1001
464,1002,1789,994,1789,1043,464,1051
464,1053,1789,1046,1789,1095,464,1102
464,1104,1792,1093,1793,1140,464,1151
512,1155,600,1154,941,1147,1128,1147,1387,1151,1663,1142,1751,1141,1752,1191,1664,1192,1387,1201,1128,1197,942,1197,600,1203,512,1204
608,1202,697,1201,887,1206,1135,1195,1340,1191,1577,1199,1665,1202,1666,1251,1577,1249,1340,1241,1135,1245,888,1255,697,1250,609,1251
577,1249,665,1249,902,1246,1095,1246,1336,1241,1631,1240,1719,1239,1720,1290,1631,1291,1337,1292,1096,1296,902,1297,664,1299,576,1299
460,1303,1796,1290,1796,1338,460,1350
459,1354,1795,1328,1797,1386,461,1413
1742,1396,1803,1396,1803,1421,1742,1421
