197,59,209,57,231,53,245,53,264,52,289,52,300,53,300,64,289,64,264,63,246,65,233,65,210,69,198,70
159,143,166,140,171,137,183,132,192,127,199,126,209,122,216,136,205,139,199,141,187,147,179,150,168,155,161,158
-6,443,13,431,54,496,35,509
0,460,8,460,8,470,0,470
2,469,17,469,17,485,2,485
14,496,24,486,42,505,33,514
46,502,54,502,54,510,46,510
40,506,43,509,47,512,50,516,53,518,53,526,56,528,62,524,59,522,50,525,45,521,41,516,39,515,36,513
54,509,70,509,70,522,54,522
117,536,143,546,197,567,236,574,262,578,304,582,344,584,342,615,302,613,259,609,230,604,189,596,134,575,107,565
