1229,386,1340,278,1782,728,1672,836
407,600,539,666,439,868,306,801
1495,935,1521,935,1548,935,1575,935,1606,935,1642,932,1668,930,1668,978,1642,980,1608,983,1580,983,1548,983,1515,983,1489,983
333,953,369,953,403,953,438,953,480,950,532,950,558,949,552,996,526,998,483,998,441,1001,404,1001,366,1001,330,1001
1407,1002,1444,1002,1503,1002,1566,1002,1643,999,1684,999,1742,997,1745,1045,1687,1048,1643,1048,1564,1050,1506,1050,1444,1050,1407,1050
324,1014,354,1014,405,1014,463,1014,506,1014,537,1011,580,1007,577,1063,534,1067,506,1070,465,1070,402,1070,357,1070,327,1070
1457,1075,1494,1070,1533,1067,1572,1064,1612,1064,1665,1064,1691,1064,1694,1112,1668,1112,1613,1112,1570,1112,1537,1115,1493,1118,1456,1123
337,1088,373,1086,411,1088,443,1083,482,1083,528,1083,554,1083,556,1131,530,1131,481,1131,448,1131,408,1136,375,1134,339,1136
1436,1140,1462,1137,1515,1132,1587,1132,1620,1132,1674,1129,1721,1127,1720,1175,1673,1177,1618,1180,1591,1180,1518,1180,1463,1186,1437,1188
313,1156,361,1155,397,1154,456,1152,500,1151,545,1153,593,1155,588,1197,539,1195,499,1193,459,1194,398,1196,361,1197,313,1198
450,1328,617,1441,899,1627,1071,1625,1200,1577,1474,1390,1579,1281,1683,1389,1578,1498,1254,1717,1089,1774,846,1768,513,1549,346,1437
423,1955,1654,1942,1654,2007,424,2020
440,2021,546,2020,839,2018,1035,2014,1219,2008,1434,2004,1539,2000,1540,2060,1434,2064,1219,2068,1037,2074,841,2078,546,2081,440,2082
423,2083,1654,2064,1655,2127,424,2145
429,2147,1654,2128,1655,2191,430,2210
430,2207,824,2207,824,2269,430,2269
429,2291,1654,2276,1655,2339,430,2355
452,2360,558,2356,846,2354,993,2347,1225,2349,1495,2342,1600,2342,1601,2399,1495,2399,1226,2406,993,2404,846,2412,559,2413,453,2418
474,2417,564,2416,759,2419,999,2409,1231,2405,1440,2408,1531,2409,1530,2462,1440,2461,1233,2458,999,2462,761,2472,564,2469,474,2470
435,2474,1641,2458,1642,2523,436,2539
441,2561,1654,2540,1655,2603,442,2625
442,2621,1654,2605,1655,2667,442,2682
441,2684,1654,2663,1655,2725,442,2746
441,2742,533,2742,618,2742,683,2742,759,2739,849,2739,941,2736,942,2792,850,2795,758,2795,687,2798,619,2798,534,2798,441,2798
472,2937,1654,2921,1655,2983,473,2999
479,3004,570,3004,870,2997,1005,2998,1274,2991,1446,2989,1536,2986,1537,3038,1446,3040,1275,3042,1006,3049,871,3048,571,3055,481,3056
522,3059,613,3059,785,3056,1005,3057,1292,3047,1440,3054,1530,3056,1531,3107,1440,3105,1293,3098,1006,3107,785,3107,614,3110,524,3110
454,3115,1647,3096,1648,3159,455,3178
1260,3161,1654,3161,1654,3222,1260,3222
