800,24,826,24,826,45,800,45
185,147,239,115,370,60,435,49,543,59,637,92,697,117,679,148,620,122,535,93,435,84,379,94,255,146,202,178
236,954,716,961,715,1023,235,1016
384,1029,403,1026,433,1025,461,1021,493,1019,524,1019,542,1019,540,1029,522,1029,493,1029,462,1031,435,1035,402,1036,384,1039
311,1046,594,1046,594,1074,311,1074
333,1085,436,1085,436,1104,333,1104
480,1084,495,1084,507,1084,531,1084,547,1084,559,1083,576,1081,576,1096,559,1097,548,1098,531,1098,507,1098,494,1098,479,1098
735,1119,823,1119,823,1130,735,1130
97,1125,166,1125,166,1134,97,1134
420,1125,506,1125,506,1138,420,1138
326,1144,620,1138,620,1155,326,1162
