407,355,456,321,570,261,641,248,777,257,843,278,919,312,877,407,802,373,757,359,645,351,601,359,507,412,457,445
837,421,910,410,912,427,839,438
431,426,501,421,502,440,432,444
851,438,923,426,927,447,854,459
416,438,504,438,504,465,416,465
848,456,902,456,902,470,848,470
429,465,481,465,481,479,429,479
184,531,202,531,202,542,184,542
243,547,363,533,366,559,246,573
47,544,96,544,96,553,47,553
69,555,191,555,191,564,69,564
1112,563,1128,559,1136,559,1148,557,1160,559,1167,558,1178,561,1179,582,1168,579,1158,580,1152,577,1134,580,1129,580,1114,583
246,567,375,563,376,595,247,599
603,580,645,580,645,591,603,591
1126,581,1137,581,1143,580,1152,581,1161,580,1174,580,1185,579,1181,599,1170,600,1162,600,1153,601,1145,600,1134,601,1123,601
263,600,346,600,346,623,263,623
11,657,26,656,58,655,88,655,119,655,152,660,177,662,178,678,154,676,116,671,89,671,57,671,27,672,12,673
22,675,49,675,49,684,22,684
