1024,49,1378,72,1373,154,1019,131
189,219,246,171,364,94,459,69,589,80,714,111,779,138,743,217,679,190,572,165,465,155,394,175,300,239,243,287
1104,145,1310,145,1310,225,1104,225
1089,250,1349,241,1353,367,1093,376
1526,395,1554,400,1574,398,1607,406,1628,410,1652,406,1681,404,1692,460,1663,462,1631,467,1590,461,1567,455,1539,455,1510,451
701,446,844,452,842,513,699,507
1032,483,1435,483,1435,544,1032,544
758,510,840,515,838,545,756,540
725,548,834,548,834,568,725,568
1140,768,1514,756,1519,898,1145,910
