231,31,240,30,262,29,274,29,285,31,304,30,317,32,317,51,303,49,286,50,274,48,261,48,241,49,231,49
54,64,74,55,103,47,135,43,182,49,213,59,233,67,222,106,202,97,173,88,135,83,108,87,84,94,63,103
270,58,519,62,518,97,270,94
268,105,530,109,530,129,267,126
249,134,282,133,338,132,407,133,459,136,507,135,539,137,539,156,506,154,459,155,407,152,338,151,282,152,249,152
58,129,85,141,109,149,127,153,148,154,172,150,193,144,201,183,180,188,151,193,121,192,97,187,73,178,46,167
234,160,263,160,343,162,391,162,449,162,505,163,535,164,534,181,505,180,449,179,391,179,343,179,264,178,234,177
232,185,369,185,369,204,232,204
53,221,76,220,119,220,159,219,201,219,229,221,258,223,259,240,230,238,201,236,159,235,119,237,75,237,52,238
51,246,72,247,106,248,132,248,167,247,201,247,226,245,226,263,201,265,167,265,133,267,106,266,71,265,50,264
389,248,562,248,562,266,389,266
