973,332,1090,325,1250,319,1436,318,1578,316,1733,333,1876,343,1861,470,1717,460,1577,444,1436,446,1249,448,1088,453,970,461
340,446,432,459,510,461,617,476,713,470,801,463,914,443,916,542,803,561,712,568,615,575,505,559,430,557,339,544
1181,464,1672,464,1672,568,1181,568
1840,463,2506,471,2505,584,1839,576
500,711,644,721,1148,718,1626,722,1918,720,2526,668,2669,664,2686,746,2543,750,1917,803,1627,806,1148,801,644,804,500,795
1167,602,1259,605,1320,613,1420,601,1520,602,1614,606,1665,610,1667,710,1616,707,1518,703,1426,702,1323,714,1255,706,1164,703
613,626,994,626,994,697,613,697
1835,631,1916,626,1985,622,2064,624,2116,631,2204,634,2256,642,2253,716,2201,708,2111,706,2061,698,1987,696,1915,700,1834,706
1201,845,1659,845,1659,936,1201,936
1252,2004,1305,2015,1365,2020,1420,2010,1439,1995,1488,1972,1557,1920,1615,1988,1546,2040,1492,2067,1433,2099,1374,2109,1296,2105,1244,2094
