238,42,756,42,756,92,238,92
360,100,676,100,676,151,360,151
31,294,155,230,337,162,507,143,716,178,897,265,981,320,891,467,807,412,685,348,509,315,376,329,197,397,73,461
107,602,241,609,237,680,103,673
485,623,912,623,912,716,485,716
98,681,302,681,302,753,98,753
612,713,904,713,904,756,612,756
103,761,267,761,267,833,103,833
362,1085,379,1083,383,1132,367,1134
390,1101,403,1101,403,1135,390,1135
358,1228,642,1228,642,1254,358,1254
400,1259,421,1260,461,1260,492,1261,541,1260,565,1260,599,1259,599,1280,565,1281,541,1281,492,1282,460,1281,422,1281,401,1280
413,1284,581,1284,581,1300,413,1300
424,1297,573,1297,573,1313,424,1313
432,1313,565,1313,565,1323,432,1323
443,1326,554,1326,554,1350,443,1350
482,1339,501,1339,501,1350,482,1350
512,1339,535,1339,535,1347,512,1347
458,1350,488,1350,488,1366,458,1366
485,1353,533,1353,533,1363,485,1363
474,1366,514,1366,514,1387,474,1387
828,1410,882,1417,880,1433,826,1427
106,1416,209,1416,209,1443,106,1443
774,1422,825,1422,825,1437,774,1437
835,1432,859,1432,859,1440,835,1440
705,1465,928,1469,928,1489,705,1485
61,1468,679,1472,679,1518,60,1514
756,1485,891,1485,891,1512,756,1512
134,1517,193,1516,330,1517,476,1516,674,1519,815,1516,873,1515,873,1549,814,1550,674,1553,476,1550,331,1551,193,1550,134,1551
196,1555,236,1555,370,1556,518,1553,645,1556,780,1556,819,1556,819,1579,780,1579,645,1579,518,1576,370,1579,235,1578,196,1578
819,1593,944,1597,944,1614,819,1610
7,1658,318,1658,318,1671,7,1671
7,1671,34,1671,34,1679,7,1679
34,1671,148,1671,148,1682,34,1682
