1276,456,1428,456,1428,572,1276,572
1228,452,1269,462,1241,578,1200,568
1267,632,1284,630,1314,631,1323,627,1340,631,1363,619,1386,613,1391,647,1368,653,1353,663,1329,661,1307,665,1287,665,1270,666
847,724,1803,708,1804,774,848,790
707,800,1947,786,1948,853,708,867
805,923,903,918,1093,906,1341,906,1521,906,1772,901,1870,900,1871,957,1772,957,1521,962,1342,962,1095,963,902,975,804,980
793,985,892,986,1082,986,1314,984,1497,983,1712,982,1810,981,1811,1037,1713,1038,1497,1039,1314,1041,1083,1042,890,1042,792,1042
833,1071,931,1068,1074,1065,1266,1062,1469,1074,1711,1063,1809,1065,1811,1122,1713,1120,1469,1132,1265,1119,1075,1122,930,1125,832,1128
783,1148,1847,1144,1848,1211,784,1216
1005,1251,1103,1242,1173,1237,1317,1230,1382,1231,1509,1237,1596,1243,1594,1298,1507,1292,1380,1286,1318,1286,1175,1292,1103,1297,1005,1306
1112,1344,1496,1344,1496,1408,1112,1408
