60,0,365,0,365,12,60,12
540,0,562,0,562,22,540,22
683,-16,732,8,773,26,806,29,871,24,905,13,954,-6,968,21,920,41,879,54,805,61,764,57,717,36,668,11
1100,7,1197,7,1197,60,1100,60
156,318,208,250,298,154,412,130,489,147,597,248,648,307,610,334,558,275,468,189,411,176,316,198,246,278,194,346
191,401,248,464,333,539,402,554,487,536,570,453,618,396,645,415,597,471,501,565,402,586,321,569,223,484,166,422
1097,522,1197,522,1197,647,1097,647
0,702,77,702,77,960,0,960
1125,692,1197,692,1197,814,1125,814
283,992,898,979,901,1082,285,1096
404,1104,1009,1098,1010,1199,405,1206
286,1226,957,1216,958,1312,288,1322
407,1329,957,1329,957,1429,407,1429
1030,1350,1150,1350,1150,1392,1030,1392
1187,1355,1197,1355,1197,1385,1187,1385
1010,1400,1042,1399,1079,1396,1113,1397,1133,1396,1166,1397,1199,1396,1196,1441,1164,1442,1133,1441,1113,1442,1079,1441,1051,1443,1019,1444
162,1439,242,1441,368,1440,565,1443,733,1436,870,1431,950,1425,950,1472,870,1477,733,1483,566,1489,369,1487,242,1487,162,1485
-1,1500,122,1496,124,1556,0,1559
22,1565,115,1565,115,1597,22,1597
