796,28,807,39,828,61,850,81,861,93,884,115,895,127,876,151,865,139,839,115,829,103,804,80,787,62,776,51
61,40,558,58,554,149,58,131
745,89,773,61,866,154,838,182
314,135,678,141,677,187,313,181
733,210,849,210,849,290,733,290
728,291,753,288,771,288,794,287,809,290,830,291,855,298,855,320,830,313,807,312,795,309,770,310,752,310,727,313
617,560,637,554,673,546,694,543,727,541,763,551,784,556,777,595,757,590,720,580,698,583,680,585,645,593,626,599
685,836,703,837,731,836,758,830,777,819,798,805,818,787,832,805,811,823,789,839,766,851,734,858,704,859,686,858
629,799,682,820,669,855,615,835
282,984,584,984,584,1076,282,1076
129,1088,139,1088,143,1087,154,1087,161,1087,170,1087,180,1088,179,1106,169,1106,163,1105,151,1106,147,1105,135,1105,126,1105
384,1097,504,1100,503,1127,383,1125
112,1112,204,1112,204,1152,112,1152
400,1130,524,1130,524,1156,400,1156
82,1150,112,1159,131,1163,154,1164,184,1160,212,1150,227,1142,236,1163,220,1171,189,1183,156,1187,128,1185,106,1181,76,1172
