126,187,220,162,304,147,438,140,536,146,659,165,769,187,750,268,640,246,526,229,437,223,313,230,238,244,144,268
369,302,384,299,419,294,442,293,477,295,498,298,525,303,519,332,492,327,475,325,441,323,422,324,387,329,372,332
231,589,243,582,275,568,296,554,317,545,352,534,370,529,375,554,357,560,324,569,310,575,288,590,251,606,240,614
526,527,543,536,568,547,591,560,609,573,634,584,650,594,635,616,619,606,597,596,576,581,554,570,537,561,519,553
307,692,349,707,392,718,450,724,478,723,508,717,568,701,587,784,527,799,493,806,446,809,374,800,329,789,287,774
351,853,539,853,539,888,351,888
663,876,714,876,714,904,663,904
178,858,204,891,226,907,265,933,287,935,331,927,361,918,370,947,340,955,288,965,255,960,207,931,189,916,163,884
527,904,561,915,576,919,604,920,624,918,659,907,674,901,682,930,667,936,629,947,608,950,570,948,553,944,520,932
285,1033,604,1033,604,1068,285,1068
121,1074,173,1074,300,1075,468,1074,569,1074,677,1075,729,1076,729,1104,677,1103,569,1102,468,1102,299,1103,173,1102,121,1102
98,1099,787,1099,787,1183,98,1183
176,1179,222,1178,314,1176,421,1175,522,1180,663,1175,709,1176,709,1201,663,1201,522,1205,421,1201,313,1202,222,1203,176,1204
203,1198,243,1199,348,1202,455,1203,507,1202,598,1202,638,1202,638,1225,597,1226,506,1226,456,1227,348,1226,243,1223,203,1222
316,1225,569,1225,569,1258,316,1258
89,1273,814,1284,813,1354,88,1343
