948,108,1118,120,1116,155,946,142
238,253,566,253,566,358,238,358
754,421,804,424,932,425,1016,430,1153,431,1250,427,1301,424,1301,452,1250,455,1154,459,1015,458,931,453,803,452,753,449
207,426,628,430,627,457,207,453
205,462,668,465,668,492,204,489
740,474,1312,481,1311,516,740,509
235,530,279,530,309,530,350,530,393,531,446,530,479,530,479,554,446,554,392,555,349,554,309,554,278,554,234,554
762,527,819,528,898,529,1011,531,1118,531,1183,537,1240,541,1241,573,1184,568,1117,563,1010,562,898,560,819,560,763,559
760,582,817,585,937,583,1011,587,1107,586,1212,586,1269,585,1268,616,1212,617,1107,617,1010,618,936,614,817,616,760,613
243,586,436,591,435,618,242,613
740,638,832,638,832,666,740,666
900,634,945,637,1017,640,1121,642,1171,640,1246,642,1296,640,1295,669,1245,670,1172,668,1120,670,1016,668,945,665,901,663
262,646,299,649,329,654,408,652,454,650,505,650,543,648,542,671,504,672,454,672,408,674,329,676,298,672,261,668
237,689,252,688,275,686,295,685,320,686,345,689,365,691,366,712,346,709,317,707,296,705,276,707,254,708,239,709
736,697,770,693,813,692,857,690,898,695,941,695,980,699,978,724,940,720,897,720,856,715,814,717,771,718,737,722
235,741,278,743,317,744,360,745,410,748,456,745,500,744,500,769,456,769,410,772,359,769,316,769,278,767,235,765
764,745,814,745,936,743,1005,744,1113,748,1258,749,1309,751,1308,778,1258,777,1112,776,1005,772,937,771,814,772,763,773
740,796,1035,796,1035,830,740,830
238,801,510,804,509,831,238,828
239,839,268,840,332,841,406,843,449,841,505,842,542,840,543,862,505,864,449,863,405,865,332,863,268,862,239,861
761,848,811,850,919,852,1010,854,1131,858,1245,856,1296,856,1296,885,1245,885,1130,887,1011,883,918,881,811,879,761,877
238,873,574,877,573,903,238,899
740,900,767,902,794,901,832,908,855,908,886,909,912,908,915,937,888,938,853,937,830,937,792,930,768,931,742,929
240,910,268,912,299,912,337,914,382,914,407,913,440,911,441,933,408,935,382,935,336,936,298,934,268,933,239,932
743,954,1314,961,1314,994,742,988
238,967,512,970,512,999,238,996
235,1004,471,1004,471,1030,235,1030
743,1009,1307,1012,1306,1049,742,1045
232,1065,271,1065,347,1065,406,1065,485,1064,554,1069,598,1071,597,1095,553,1093,485,1088,406,1089,347,1089,271,1089,232,1089
773,1062,817,1064,903,1067,1051,1072,1125,1068,1225,1072,1269,1070,1269,1095,1225,1096,1125,1093,1051,1097,903,1091,816,1089,772,1087
238,1095,599,1101,599,1130,237,1124
776,1116,827,1117,893,1117,1003,1120,1072,1121,1174,1124,1224,1124,1224,1152,1173,1152,1071,1148,1003,1148,893,1145,827,1145,776,1144
238,1158,538,1161,538,1187,238,1183
345,1268,366,1268,366,1288,345,1288
740,1289,1271,1295,1270,1323,740,1316
747,1332,791,1332,891,1332,985,1334,1107,1337,1179,1339,1223,1340,1223,1365,1179,1364,1107,1363,985,1359,890,1357,791,1358,747,1358
773,1368,817,1369,883,1373,1016,1373,1077,1375,1192,1378,1236,1380,1235,1406,1191,1404,1077,1401,1015,1399,883,1399,816,1395,772,1394
755,1412,799,1413,926,1414,993,1415,1087,1413,1212,1416,1256,1416,1256,1440,1212,1440,1087,1437,992,1439,926,1438,798,1437,754,1436
752,1452,796,1451,921,1453,985,1453,1097,1454,1192,1455,1236,1456,1235,1481,1191,1480,1097,1479,984,1478,921,1478,796,1476,752,1477
780,1491,824,1490,878,1488,975,1490,1087,1488,1164,1493,1208,1494,1207,1520,1163,1518,1087,1514,974,1515,878,1513,824,1515,780,1517
742,1529,786,1529,919,1530,980,1529,1082,1529,1182,1530,1226,1530,1225,1554,1181,1554,1082,1553,980,1553,918,1554,786,1553,742,1553
747,1563,791,1564,906,1564,1008,1568,1095,1571,1199,1567,1244,1567,1243,1592,1199,1593,1094,1596,1008,1593,906,1589,791,1590,746,1589
