195,102,248,80,338,52,420,45,480,56,539,75,597,102,582,134,524,106,472,89,420,80,345,86,261,112,209,133
260,136,540,139,539,188,259,185
141,197,665,199,665,246,141,245
281,257,518,257,518,305,281,305
153,336,639,331,640,378,153,383
121,391,185,389,283,390,372,388,491,397,567,390,639,389,640,430,568,432,490,438,370,429,283,431,184,430,121,432
646,418,656,418,656,429,646,429
76,435,155,436,260,439,403,438,492,442,628,441,707,442,706,488,627,487,492,488,402,485,261,485,153,482,75,481
284,495,492,497,491,538,283,536
492,524,501,524,501,534,492,534
228,543,270,544,330,548,392,547,452,547,503,548,554,548,553,593,502,593,457,592,387,592,332,593,268,590,226,588
544,578,552,578,552,588,544,588
151,602,213,641,308,685,387,697,488,681,574,639,636,598,656,629,594,669,499,715,387,733,299,720,194,672,131,633
377,617,401,617,401,656,377,656
