713,66,782,66,782,74,713,74
595,184,606,178,629,167,649,165,665,167,687,175,701,182,694,196,681,189,661,181,648,180,634,182,611,192,601,199
331,210,341,210,355,210,368,210,383,210,400,211,411,211,409,222,399,221,382,220,368,221,355,221,341,221,330,221
277,224,296,223,330,222,379,222,409,221,432,223,452,223,451,234,431,234,409,232,379,233,330,233,297,234,277,235
317,233,426,237,426,245,317,242
290,272,351,268,352,276,290,281
302,283,322,286,353,289,387,289,421,286,451,278,468,274,472,288,456,292,423,301,387,303,352,304,319,300,299,298
628,304,666,304,666,317,628,317
62,443,118,440,196,436,280,434,405,435,490,435,546,435,546,467,491,467,405,467,280,466,197,468,118,471,62,475
716,456,758,456,758,464,716,464
680,471,747,474,746,489,679,486
40,481,73,481,180,480,252,480,332,480,398,481,431,481,431,499,398,499,332,498,252,498,180,498,73,499,40,499
686,486,697,486,710,486,723,486,736,487,747,486,760,487,760,501,746,501,735,501,723,500,710,501,697,500,686,500
692,500,769,500,769,509,692,509
32,524,166,524,166,536,32,536
