759,391,772,382,794,367,816,357,836,350,861,348,881,346,882,368,862,370,841,371,824,378,804,386,783,400,771,410
905,375,940,375,940,395,905,395
704,433,771,415,778,439,711,458
731,990,750,982,775,976,802,961,835,946,853,936,880,920,894,945,866,962,848,972,813,988,791,1001,758,1010,740,1018
787,1056,812,1044,842,1029,866,1018,886,1006,915,990,939,974,948,993,924,1008,896,1024,877,1036,851,1047,822,1062,796,1074
791,1090,804,1083,834,1069,869,1047,892,1033,923,1015,952,999,960,1019,932,1035,903,1053,879,1066,846,1087,817,1101,803,1108
800,1116,808,1112,843,1095,860,1085,886,1071,917,1055,928,1049,936,1065,924,1071,893,1087,870,1099,853,1110,815,1128,808,1132
904,1085,954,1063,964,1086,914,1108
814,1136,824,1131,847,1120,861,1112,883,1100,894,1094,911,1085,921,1104,904,1113,893,1119,871,1130,858,1137,832,1150,823,1155
933,1102,953,1102,953,1122,933,1122
874,1137,882,1133,888,1130,901,1122,915,1117,927,1132,936,1130,933,1113,924,1114,922,1133,907,1139,898,1144,887,1150,879,1154
915,1147,962,1123,970,1139,923,1163
857,1144,882,1144,882,1160,857,1160
