160,381,190,365,243,346,277,343,319,360,344,374,376,402,352,433,320,405,301,394,272,382,251,384,205,401,175,417
650,451,669,447,688,443,712,441,746,440,760,440,782,441,782,457,759,456,746,457,713,457,690,460,672,463,654,467
861,444,873,444,899,446,920,449,933,452,952,456,970,461,965,476,947,471,929,467,917,465,898,462,872,460,860,460
499,511,565,511,565,555,499,555
610,503,693,519,753,527,824,534,890,534,936,530,1005,520,1012,596,944,605,892,610,820,609,743,602,677,592,594,577
175,533,209,558,231,572,266,577,293,572,315,560,351,534,370,559,335,585,302,602,264,608,219,600,189,582,155,557
501,551,543,551,543,599,501,599
636,582,673,591,733,603,794,609,862,613,911,610,980,606,992,680,924,684,864,688,788,684,724,677,657,664,620,655
699,699,728,704,764,710,797,712,840,717,877,715,906,715,907,731,878,731,840,733,796,729,762,727,725,720,696,715
682,730,711,737,759,747,802,751,850,753,888,750,918,746,919,763,890,766,850,769,800,768,756,763,707,753,679,746
728,813,748,812,776,811,794,812,816,813,841,819,863,824,859,837,837,833,813,827,794,826,775,825,749,826,730,827
642,814,654,820,671,829,691,836,707,841,729,846,742,848,738,861,725,859,704,854,687,849,666,842,647,832,635,826
850,860,861,858,882,855,897,851,912,849,930,842,947,836,953,852,936,858,918,864,900,868,885,871,863,874,851,876
700,882,725,891,765,899,814,905,858,906,902,896,927,890,931,904,907,909,860,920,813,919,762,913,721,904,696,896
