229,365,252,358,285,350,317,349,348,349,391,358,414,363,407,405,385,400,341,391,318,391,287,393,258,400,236,407
812,351,1392,356,1391,498,810,493
1564,383,1583,377,1611,371,1645,367,1676,371,1700,375,1728,383,1720,419,1693,412,1670,408,1638,404,1618,408,1591,414,1571,420
292,396,344,396,344,432,292,432
1624,420,1672,420,1672,448,1624,448
205,409,246,428,271,435,322,444,350,441,395,426,436,407,448,452,406,470,363,485,320,489,261,480,231,471,190,452
1534,414,1580,433,1620,447,1645,448,1688,445,1721,435,1757,422,1779,467,1743,480,1698,493,1646,498,1608,495,1561,479,1515,460
1635,1433,1659,1432,1692,1429,1717,1427,1743,1423,1774,1423,1805,1421,1802,1455,1771,1457,1747,1457,1718,1461,1696,1463,1658,1466,1634,1467
1649,1467,1669,1469,1697,1469,1728,1469,1759,1465,1784,1463,1804,1461,1805,1499,1785,1501,1763,1502,1724,1506,1707,1505,1664,1506,1644,1505
1679,1520,1795,1514,1796,1537,1680,1543
1678,1544,1799,1537,1801,1563,1680,1569
1680,1568,1800,1568,1800,1592,1680,1592
1662,1611,1827,1600,1829,1628,1664,1638
1694,1749,1815,1741,1817,1765,1696,1773
1725,1910,1742,1904,1776,1893,1801,1891,1826,1891,1859,1890,1877,1891,1879,1925,1862,1924,1824,1925,1802,1925,1780,1927,1752,1937,1735,1943
