1372,-275,2036,272,393,2259,-269,1711
2095,235,2190,261,2346,314,2473,376,2603,456,2766,604,2837,674,2700,806,2629,736,2487,607,2372,538,2261,485,2142,445,2047,419
1774,1068,2243,1048,2249,1182,1780,1203
1061,1067,1667,1067,1667,1221,1061,1221
1344,1335,1765,1349,1760,1504,1339,1490
806,1604,2617,1592,2618,1766,807,1778
1550,1879,2511,1879,2511,2044,1550,2044
971,1890,1353,1890,1353,2044,971,2044
982,2160,1486,2160,1486,2336,982,2336
1762,2160,2468,2160,2468,2320,1762,2320
1582,2235,1635,2235,1635,2288,1582,2288
515,2289,694,2517,965,2781,1290,2952,1824,3023,2123,2976,2492,2871,2556,3076,2187,3181,1823,3238,1228,3157,854,2964,532,2658,353,2430
3339,2776,3392,2776,3392,2861,3339,2861
3297,3058,3387,3058,3387,3148,3297,3148
3206,3360,3382,3360,3382,3392,3206,3392
3090,3360,3137,3360,3137,3392,3090,3392
3127,3360,3175,3360,3175,3392,3127,3392
3015,3371,3052,3371,3052,3392,3015,3392
2946,3376,3010,3376,3010,3392,2946,3392
