181,36,763,36,763,69,181,69
299,148,632,145,633,216,300,219
139,362,203,328,351,260,464,252,639,271,726,302,841,354,793,470,678,418,611,394,461,378,378,383,254,444,190,478
298,414,660,406,662,498,300,505
357,518,584,518,584,547,357,547
522,921,573,899,579,913,529,936
532,926,585,923,586,939,533,942
212,1066,430,1066,430,1096,212,1096
549,1066,755,1066,755,1096,549,1096
374,1120,413,1131,442,1137,490,1140,523,1138,574,1130,606,1123,613,1156,581,1163,527,1172,491,1174,438,1170,406,1164,368,1154
