378,72,488,25,511,80,402,127
275,219,477,191,489,279,287,307
183,605,447,551,474,683,210,737
0,588,96,588,96,772,0,772
142,747,209,743,266,736,325,726,379,710,460,687,523,664,581,783,518,805,424,834,357,854,283,866,221,874,154,878
52,736,116,736,116,824,52,824
294,1001,315,986,349,969,368,955,396,943,408,935,431,923,460,964,438,976,416,989,394,998,375,1011,339,1029,318,1044
462,1037,483,1013,495,997,521,989,529,982,540,973,559,948,607,978,588,1003,563,1027,538,1043,519,1048,511,1062,491,1086
305,1128,327,1114,355,1097,378,1082,402,1065,426,1055,459,1038,492,1077,459,1094,433,1106,405,1126,381,1141,355,1157,334,1171
260,1226,283,1209,356,1168,400,1138,468,1108,530,1073,588,1046,616,1097,558,1124,496,1159,425,1190,384,1219,311,1260,287,1277
408,1188,500,1188,500,1252,408,1252
406,1510,1319,1059,1519,1464,606,1915
985,1721,1021,1698,1118,1642,1163,1614,1239,1566,1282,1535,1343,1485,1381,1560,1320,1611,1286,1636,1206,1687,1163,1714,1067,1769,1031,1792
831,1907,903,1908,1101,1893,1188,1855,1315,1744,1397,1625,1438,1543,1499,1576,1458,1658,1365,1792,1222,1915,1118,1960,902,1977,829,1977
1358,1773,1611,1767,1614,1859,1360,1865
844,1776,944,1776,944,1864,844,1864
1356,1860,1636,1860,1636,1952,1356,1952
1353,1928,1668,1961,1657,2063,1342,2030
