1085,434,1776,572,1730,804,1038,665
323,848,554,675,658,815,428,987
1150,724,1758,805,1727,1040,1119,959
428,943,617,943,617,1188,428,1188
1217,1037,1716,1110,1704,1191,1205,1118
1156,1128,1783,1214,1771,1299,1144,1213
1165,1772,1236,1764,1379,1759,1508,1759,1648,1779,1785,1809,1908,1845,1882,1978,1759,1943,1615,1911,1503,1895,1377,1895,1234,1901,1163,1909
279,2083,325,2052,397,2007,467,1969,511,1944,557,1937,611,1921,681,2005,628,2021,563,2041,510,2070,456,2099,391,2140,345,2171
1284,1920,1325,1916,1373,1918,1425,1914,1474,1915,1542,1921,1571,1924,1568,1983,1539,1980,1467,1973,1425,1972,1376,1976,1324,1975,1284,1978
1683,1949,1784,1960,1778,2013,1678,2002
1628,2138,1651,2130,1698,2109,1746,2073,1762,2051,1800,1990,1809,1969,1845,1990,1836,2012,1797,2076,1775,2103,1718,2146,1668,2169,1645,2176
466,2100,490,2092,515,2085,539,2076,566,2065,589,2057,622,2043,651,2084,618,2098,585,2112,556,2123,533,2132,509,2139,484,2146
332,2188,406,2146,432,2191,358,2234
1177,2446,1320,2451,1413,2456,1566,2461,1728,2474,1886,2482,1992,2490,1984,2585,1879,2577,1723,2569,1560,2556,1408,2551,1317,2546,1173,2542
1352,2596,1874,2619,1870,2718,1348,2695
591,3105,974,3105,974,3258,591,3258
2289,3151,2386,3151,2386,3218,2289,3218
