1366,172,1400,177,1482,183,1540,201,1584,210,1632,223,1692,239,1683,302,1624,286,1569,272,1521,262,1467,245,1395,241,1361,236
593,263,637,246,700,238,757,216,843,201,893,204,950,205,947,256,891,255,845,252,770,265,714,287,638,297,594,314
209,208,256,209,309,214,376,222,435,249,473,257,516,276,506,323,463,304,420,295,358,268,307,263,253,257,206,257
480,480,682,480,682,665,480,665
1157,926,1294,926,1294,967,1157,967
1396,928,1431,926,1463,926,1506,923,1546,926,1580,926,1605,928,1604,974,1579,972,1544,972,1503,970,1466,972,1428,972,1393,975
188,1085,303,1000,420,940,501,921,631,935,737,979,878,1043,782,1126,642,1063,595,1056,514,1046,454,1062,394,1088,280,1173
1288,1062,1454,1062,1454,1193,1288,1193
1715,1555,1799,1555,1799,1585,1715,1585
333,1648,393,1676,474,1699,581,1719,635,1701,696,1674,779,1614,825,1724,743,1785,676,1813,589,1839,449,1816,353,1789,293,1760
1092,2179,1288,2179,1288,2380,1092,2380
381,2353,415,2339,484,2323,544,2317,635,2330,700,2353,734,2369,713,2433,680,2417,617,2394,546,2383,487,2390,437,2403,403,2416
463,2464,617,2464,617,2648,463,2648
1989,2541,2143,2541,2143,2588,1989,2588
1331,2561,1372,2574,1419,2592,1461,2592,1524,2589,1565,2581,1607,2570,1625,2625,1583,2637,1530,2647,1464,2650,1412,2650,1356,2629,1315,2616
1025,3207,1089,3195,1161,3210,1235,3160,1306,3130,1385,3110,1445,3087,1477,3210,1416,3233,1369,3241,1275,3281,1226,3319,1145,3309,1082,3321
740,3384,2151,3074,2250,3526,839,3835
795,3313,1074,3313,1074,3467,795,3467
