545,221,583,212,656,197,731,191,793,192,858,200,897,207,888,284,849,276,791,269,736,267,666,273,599,287,561,296
997,242,1100,304,1061,367,959,305
396,255,497,319,254,698,154,634
1095,400,1162,357,1269,522,1203,565
520,532,540,536,577,544,613,563,644,584,661,599,682,621,664,640,643,618,627,604,600,586,567,568,533,561,514,557
829,609,841,593,859,575,878,559,897,549,921,536,940,530,953,554,934,560,909,573,894,579,874,596,860,611,848,627
1233,617,1323,627,1285,986,1194,977
184,772,257,755,300,950,227,966
259,1029,321,983,399,1089,336,1134
865,1232,903,1218,953,1195,1000,1169,1051,1133,1108,1077,1136,1049,1191,1103,1163,1131,1098,1194,1046,1231,987,1264,934,1288,896,1302
448,1133,483,1149,527,1175,547,1181,583,1202,635,1217,671,1232,643,1305,607,1290,556,1275,515,1252,490,1244,442,1215,406,1199
