14,20,62,20,62,33,14,33
330,166,520,203,509,262,319,226
121,180,278,218,274,235,116,198
81,281,152,291,148,317,77,307
197,300,209,301,232,304,250,305,261,308,278,310,295,315,292,338,275,334,258,332,248,329,228,328,206,325,194,324
330,319,391,328,388,350,327,341
417,333,427,334,442,336,458,337,475,340,491,341,500,342,498,361,489,360,473,359,456,356,440,355,424,353,415,352
521,350,538,352,565,354,582,356,603,358,622,360,642,362,641,375,621,373,601,370,580,368,565,367,537,365,519,363
96,397,165,397,165,414,96,414
582,456,677,456,677,482,582,482
583,483,596,482,610,484,631,482,644,484,668,483,678,484,678,496,668,495,644,496,630,494,610,495,595,494,582,494
122,492,189,492,189,525,122,525
297,493,356,493,356,525,297,525
217,494,288,494,288,526,217,526
