1015,700,1143,641,1287,603,1474,570,1730,593,1848,626,1999,682,1957,791,1806,735,1710,707,1471,686,1310,716,1185,749,1057,808
1394,889,1623,889,1623,970,1394,970
784,1176,2661,1246,2630,2089,753,2020
1055,2503,1109,2531,1234,2586,1325,2612,1445,2627,1534,2627,1619,2621,1624,2736,1539,2743,1436,2742,1300,2724,1197,2695,1057,2634,1003,2606
1671,2618,1744,2600,1773,2589,1838,2574,1910,2545,1956,2530,2005,2510,2045,2607,1995,2627,1939,2646,1887,2667,1797,2692,1762,2703,1689,2721
1300,2836,1731,2836,1731,2870,1300,2870
720,2898,2233,2832,2250,3226,737,3292
773,3462,854,3425,960,3381,1106,3328,1180,3308,1294,3277,1406,3250,1414,3316,1301,3343,1196,3373,1128,3391,985,3443,880,3486,799,3523
1591,3263,1677,3285,1784,3312,1893,3347,2000,3391,2115,3431,2196,3467,2170,3527,2089,3491,1976,3452,1873,3409,1766,3375,1665,3350,1580,3328
1138,3409,1293,3409,1293,3442,1138,3442
1394,3503,1711,3503,1711,3712,1394,3712
1185,3795,1818,3787,1819,3840,1185,3848
