270,246,2061,-54,2106,210,314,511
600,477,942,431,1158,388,1618,340,1820,298,2154,255,2454,204,2486,403,2186,455,1849,499,1648,541,1181,590,992,627,650,673
1885,633,1921,601,1971,563,2047,525,2110,507,2173,504,2214,506,2217,546,2176,545,2118,547,2062,563,1992,598,1948,632,1912,664
2243,510,2280,519,2312,530,2338,540,2370,560,2405,582,2428,600,2406,634,2382,616,2348,595,2317,576,2297,568,2268,558,2231,549
1833,885,2043,885,2043,939,1833,939
2355,968,2513,963,2515,1031,2357,1036
2490,1198,2632,1185,2642,1290,2499,1303
2350,1262,2378,1252,2397,1248,2431,1229,2437,1222,2459,1213,2491,1185,2536,1224,2504,1251,2474,1268,2455,1283,2433,1295,2389,1310,2361,1320
2260,1399,2305,1370,2381,1333,2438,1308,2501,1297,2595,1282,2647,1279,2671,1378,2619,1381,2525,1395,2465,1406,2416,1429,2357,1457,2313,1486
1550,1469,1843,1435,1859,1573,1566,1607
