672,115,740,120,739,140,670,135
612,152,801,160,799,205,610,197
591,208,617,204,665,201,693,200,737,203,774,206,803,210,800,227,771,223,736,220,692,216,665,218,618,221,592,225
80,241,415,250,413,310,78,301
78,323,638,339,637,361,77,345
142,354,171,355,263,359,391,363,462,363,590,368,620,368,619,385,590,385,462,380,390,380,262,376,171,372,141,371
106,377,145,378,307,388,399,387,488,388,632,390,672,390,671,412,632,412,488,410,398,410,306,410,145,400,106,399
103,407,137,407,321,415,395,415,526,416,662,418,697,418,696,437,662,437,526,435,394,434,320,434,137,426,103,426
107,434,141,435,275,439,401,443,574,444,670,444,705,444,704,463,670,463,574,463,401,462,275,458,141,454,107,453
133,462,167,463,325,464,423,466,564,468,678,471,713,471,712,491,678,490,564,487,422,485,325,484,167,482,133,482
109,486,144,487,275,490,417,495,548,495,720,496,755,496,754,515,720,516,548,514,416,514,275,509,143,507,109,505
107,516,141,517,327,519,453,523,558,522,676,521,710,520,710,540,676,541,558,542,452,542,327,539,141,537,107,536
110,1124,152,1124,152,1144,110,1144
