182,21,225,23,294,24,367,25,467,27,534,24,577,22,577,46,535,48,466,51,367,49,294,48,224,47,182,45
165,60,590,65,590,91,165,86
181,151,409,156,409,197,180,192
138,195,183,191,224,189,289,188,346,191,401,197,445,202,441,242,396,237,343,231,288,229,225,230,186,231,141,235
209,224,365,227,365,257,208,254
22,312,113,294,154,497,63,515
424,332,496,332,496,352,424,352
354,360,530,360,530,385,354,385
326,388,334,388,349,391,355,389,364,391,369,409,378,413,383,396,374,393,361,408,357,406,345,407,334,405,325,405
385,391,459,394,458,415,384,412
388,424,465,424,465,445,388,445
373,451,437,451,437,474,373,474
382,483,463,486,462,507,382,504
295,536,429,544,427,570,293,562
275,571,381,577,379,600,273,594
272,599,414,608,412,632,271,623
350,640,410,640,410,660,350,660
1,710,62,715,60,735,0,731
12,756,58,756,58,776,12,776
