506,25,612,25,612,89,506,89
423,184,444,171,518,130,568,126,614,133,652,149,705,180,684,215,630,184,601,172,570,167,529,169,466,205,445,218
322,438,786,432,788,603,324,608
351,618,402,622,465,626,549,628,619,624,712,619,763,614,766,653,715,658,620,663,549,667,464,665,400,661,349,657
387,712,442,715,490,717,567,716,637,713,702,708,742,705,745,740,705,744,639,749,568,752,490,753,440,751,385,748
725,835,737,829,744,828,749,825,762,825,767,825,776,827,781,843,772,841,760,841,753,841,745,844,736,846,725,852
686,855,696,853,714,851,730,850,738,851,754,848,767,847,768,861,755,862,740,865,732,864,715,865,696,868,686,869
695,871,704,870,713,868,724,868,735,866,746,865,754,863,755,879,746,881,737,882,725,884,716,884,705,886,697,887
688,965,735,965,735,983,688,983
487,983,582,983,582,1002,487,1002
676,985,745,983,746,1002,676,1004
509,1005,561,1005,561,1017,509,1017
698,1005,720,1005,720,1019,698,1019
658,1022,759,1014,760,1028,660,1036
501,1017,568,1017,568,1031,501,1031
330,1027,389,1027,389,1047,330,1047
