1085,264,2284,264,2284,356,1085,356
1042,368,2317,386,2316,427,1041,410
1036,419,2316,428,2316,467,1036,458
1447,463,2306,478,2305,519,1446,504
1071,508,1104,496,1142,486,1194,478,1223,486,1262,489,1297,505,1289,532,1254,517,1219,515,1193,507,1150,514,1115,523,1082,535
1441,516,2316,524,2316,562,1441,554
1441,561,2322,571,2321,608,1441,597
1442,604,2317,621,2316,661,1441,644
1161,615,1225,615,1225,658,1161,658
1085,626,1112,637,1150,647,1183,651,1216,648,1247,637,1284,618,1297,668,1260,686,1238,695,1176,702,1135,696,1100,686,1073,675
1441,658,2322,664,2321,703,1441,697
1111,686,1131,695,1162,702,1184,708,1212,697,1247,688,1266,677,1278,713,1260,724,1221,734,1187,746,1155,739,1122,732,1103,723
1436,707,1997,707,1997,745,1436,745
1495,755,2321,755,2321,799,1495,799
1084,813,1123,821,1181,829,1216,821,1252,810,1291,786,1328,759,1355,786,1317,812,1270,843,1225,858,1175,867,1118,858,1079,850
1436,802,2019,809,2019,849,1436,842
1825,918,2193,929,2192,966,1824,955
1194,1200,1831,1220,1829,1292,1191,1272
1188,1301,2182,1309,2181,1383,1187,1375
1183,1392,1276,1394,1355,1399,1459,1398,1517,1399,1635,1402,1703,1403,1696,1465,1627,1464,1520,1462,1461,1461,1351,1461,1280,1457,1187,1454
1199,1490,1279,1490,1342,1492,1425,1492,1529,1493,1613,1498,1694,1501,1688,1561,1607,1558,1531,1553,1421,1553,1343,1553,1277,1551,1197,1551
1182,1571,1819,1571,1819,1641,1182,1641
1173,1657,1278,1657,1369,1662,1513,1655,1612,1652,1794,1657,1857,1657,1854,1723,1791,1723,1609,1718,1516,1720,1370,1728,1279,1723,1174,1723
1377,1733,2030,1733,2030,1803,1377,1803
1350,2025,1954,2025,1954,2095,1350,2095
1027,2108,1106,2109,1343,2112,1590,2112,1950,2116,2134,2114,2213,2114,2213,2156,2133,2156,1951,2159,1590,2154,1343,2154,1106,2151,1026,2151
