1047,118,1175,85,1199,179,1072,212
1176,174,1195,174,1195,207,1176,207
1184,204,1202,204,1202,259,1184,259
1050,281,1076,276,1100,411,1075,416
412,705,1132,705,1132,775,412,775
1415,1136,1446,1104,1526,1020,1609,942,1677,868,1751,801,1810,741,1854,788,1796,847,1722,914,1655,988,1571,1067,1492,1150,1460,1182
412,794,594,794,594,857,412,857
957,794,994,794,994,839,957,839
497,861,764,861,764,924,497,924
935,891,1009,891,1009,946,935,946
429,935,849,927,851,995,431,1004
1530,1139,1557,1114,1598,1076,1630,1048,1678,1006,1710,970,1736,942,1776,975,1751,1003,1715,1043,1663,1088,1634,1114,1589,1155,1561,1180
1502,1243,1544,1211,1603,1179,1648,1121,1725,1060,1780,1011,1830,970,1869,1013,1818,1054,1762,1104,1688,1163,1640,1224,1578,1257,1536,1290
1930,980,1967,980,1967,1043,1930,1043
922,999,1038,993,1042,1055,925,1061
438,998,790,998,790,1072,438,1072
1937,1069,1997,1069,1997,1154,1937,1154
1512,1325,1540,1304,1582,1278,1628,1233,1683,1186,1740,1158,1771,1142,1814,1194,1783,1211,1726,1239,1668,1288,1625,1330,1584,1354,1557,1376
1529,1421,1554,1404,1605,1369,1642,1340,1671,1320,1711,1277,1741,1248,1776,1293,1746,1322,1710,1362,1678,1385,1639,1415,1587,1451,1563,1467
1056,1471,1074,1455,1133,1413,1152,1399,1194,1364,1248,1360,1290,1347,1314,1388,1272,1401,1207,1410,1183,1435,1160,1452,1110,1486,1092,1503
1074,1540,1092,1524,1106,1512,1145,1478,1164,1464,1190,1444,1210,1430,1243,1462,1223,1476,1190,1502,1174,1514,1141,1543,1122,1560,1104,1575
