54,216,83,180,130,134,185,123,243,140,287,188,316,230,292,251,262,209,226,167,180,155,141,165,109,199,81,235
363,149,1529,136,1531,289,365,301
1043,242,1499,229,1501,298,1045,312
93,292,129,292,156,292,211,292,240,292,287,292,320,292,320,312,287,312,240,312,211,312,156,312,129,312,92,312
45,345,87,345,87,357,45,357
202,486,229,457,302,392,344,383,408,389,484,429,529,459,506,483,462,453,398,420,346,415,314,421,255,477,227,506
540,559,655,492,873,386,1068,374,1256,406,1414,527,1522,626,1454,701,1346,602,1224,502,1064,475,897,484,713,575,598,642
80,485,157,485,157,512,80,512
202,558,538,564,537,607,202,602
100,612,160,612,160,640,100,640
207,663,536,672,534,735,206,726
703,728,1398,749,1397,808,701,787
701,804,772,806,915,807,1044,812,1153,814,1263,819,1343,821,1342,869,1262,866,1153,861,1043,859,913,854,771,853,701,851
665,869,1388,884,1387,928,664,914
860,936,1223,943,1222,983,859,977
