564,380,602,372,665,364,729,358,821,361,882,370,919,377,912,429,874,422,817,413,730,410,670,416,609,423,571,432
969,394,1009,407,1072,436,1132,463,1208,519,1244,554,1280,595,1237,635,1200,594,1173,566,1099,512,1044,488,988,461,947,449
220,589,241,568,288,525,360,471,404,441,485,403,522,384,543,439,505,457,432,492,394,518,326,569,280,611,259,632
643,512,875,512,875,625,643,625
428,643,1093,643,1093,765,428,765
134,774,1369,778,1368,936,134,932
612,943,912,943,912,1056,612,1056
415,1068,1078,1068,1078,1174,415,1174
193,1196,1303,1200,1303,1307,193,1304
346,1309,1149,1309,1149,1431,346,1431
496,1453,1003,1453,1003,1537,496,1537
