459,26,464,26,467,26,472,26,476,26,479,36,485,35,488,25,483,26,476,37,473,37,467,36,463,37,457,37
411,29,416,27,418,26,425,26,429,26,434,26,440,27,440,37,435,37,430,36,424,36,420,37,414,37,409,39
24,34,200,34,200,50,24,50
418,40,481,40,481,48,418,48
48,53,71,53,85,52,117,53,135,53,156,53,176,52,176,64,156,65,135,65,117,66,84,64,71,65,49,65
272,66,372,66,372,76,272,76
412,77,485,77,485,90,412,90
322,101,385,93,386,107,324,115
408,104,472,104,472,114,408,114
326,122,341,117,348,115,365,113,376,113,384,112,396,112,400,128,388,128,378,129,367,130,350,132,342,134,327,138
442,121,470,121,470,137,442,137
121,126,203,129,202,164,120,161
340,143,347,145,356,147,367,147,377,144,385,140,391,137,398,148,392,152,379,157,369,160,356,160,346,158,339,156
464,147,472,148,470,201,462,201
226,180,232,178,245,174,258,173,266,175,277,180,284,185,280,196,273,190,262,186,258,185,246,185,236,189,230,191
216,192,296,198,295,215,214,208
52,213,169,215,169,226,51,225
221,214,285,216,285,232,220,230
69,229,149,229,149,241,69,241
50,241,61,241,88,242,101,242,121,242,142,242,157,243,157,253,142,253,121,253,101,252,87,252,61,251,50,251
227,236,234,240,243,244,252,246,261,245,268,243,276,239,281,253,273,257,262,259,252,261,239,259,231,255,223,251
