1170,18,1438,18,1438,44,1170,44
170,32,292,16,297,57,176,73
472,44,1095,39,1095,89,473,94
237,67,291,67,291,90,237,90
172,83,207,83,207,118,172,118
76,110,87,112,97,115,99,114,112,112,118,114,134,112,145,131,129,133,112,134,103,135,91,136,79,132,68,131
724,190,944,187,944,223,725,226
48,195,239,192,240,226,49,230
890,300,990,300,990,333,890,333
46,303,212,303,212,338,46,338
1338,303,1377,303,1377,331,1338,331
526,363,706,363,706,391,526,391
755,363,871,363,871,389,755,389
932,363,1063,363,1063,389,932,389
1112,363,1447,363,1447,389,1112,389
107,366,242,366,242,391,107,391
106,391,123,393,152,393,171,394,194,393,228,391,244,389,245,413,229,414,194,416,171,418,153,416,123,417,106,415
573,389,655,389,655,417,573,417
773,389,853,389,853,414,773,414
1142,389,1219,389,1219,414,1142,414
958,391,1037,391,1037,417,958,417
1319,391,1398,391,1398,417,1319,417
328,685,435,685,435,713,328,713
972,686,1007,685,1057,686,1112,683,1155,683,1222,687,1257,688,1255,715,1221,714,1154,709,1113,710,1057,713,1006,711,971,712
