1528,567,2983,567,2983,901,1528,901
181,659,314,635,498,626,626,628,786,661,907,701,1064,761,992,926,835,866,726,831,613,808,500,805,333,814,200,838
2332,994,3175,958,3180,1070,2337,1105
3321,963,3364,966,3439,978,3495,978,3549,982,3625,980,3669,978,3658,1063,3614,1065,3557,1067,3479,1063,3441,1064,3359,1052,3316,1049
1550,974,2080,1001,2073,1127,1543,1100
383,995,420,1004,466,1013,537,1025,568,1036,621,1029,659,1032,655,1109,617,1106,563,1112,531,1102,458,1089,401,1078,364,1070
3325,1064,3553,1076,3549,1154,3320,1141
151,1058,578,1101,1424,1212,2366,1209,2885,1194,3788,1159,4283,1112,4281,1438,3786,1485,2898,1520,2375,1535,1407,1538,524,1422,98,1380
1595,1119,1669,1127,1729,1132,1804,1137,1891,1132,1991,1137,2038,1136,2035,1204,1988,1205,1891,1200,1806,1205,1723,1200,1665,1195,1592,1186
507,1441,972,1482,1513,1526,2173,1538,2802,1489,3668,1483,4062,1446,4057,1798,3663,1835,2822,1840,2185,1890,1498,1878,933,1833,469,1791
