99,54,396,54,396,79,99,79
725,84,747,84,747,108,725,108
101,91,493,109,486,253,94,235
636,111,841,111,841,143,636,143
624,144,665,144,689,146,728,143,770,142,815,143,850,143,849,173,814,173,770,172,729,173,689,177,664,174,623,174
660,175,821,175,821,205,660,205
663,217,682,218,719,217,737,219,772,214,798,216,824,215,823,232,796,233,773,232,740,236,718,235,682,236,663,234
148,247,180,248,234,252,273,251,325,251,374,252,410,252,410,273,374,273,324,272,273,272,233,273,180,269,148,268
163,637,217,576,326,480,449,453,606,482,692,544,803,643,749,695,638,596,578,551,449,528,354,549,268,630,214,691
440,613,519,613,519,648,440,648
438,645,519,645,519,693,438,693
342,693,390,693,437,693,464,693,513,699,550,694,598,694,597,745,549,745,512,750,463,744,437,744,390,744,342,744
586,727,598,727,598,742,586,742
408,747,546,747,546,779,408,779
168,819,217,821,380,822,449,824,570,825,708,828,757,829,756,855,708,855,570,852,449,851,380,849,217,847,168,846
152,850,195,851,316,850,473,854,560,851,691,853,733,852,733,876,690,877,560,875,473,878,315,874,195,875,152,874
133,873,802,878,801,903,133,898
133,897,599,901,598,925,133,922
174,920,217,922,333,924,469,928,567,927,718,928,760,927,760,951,717,952,567,951,468,953,333,948,217,946,174,944
160,948,202,948,321,948,439,948,565,950,681,951,724,952,723,976,680,975,565,974,439,972,320,972,202,971,159,972
163,971,200,972,370,976,493,978,577,979,683,979,720,979,719,1000,683,1000,577,1000,493,999,370,996,200,993,163,992
205,999,242,1000,316,1001,436,1003,567,1003,720,1005,757,1005,756,1026,720,1026,567,1024,436,1023,315,1021,242,1020,205,1020
170,1023,212,1023,353,1025,444,1023,567,1027,688,1026,731,1026,730,1051,688,1051,567,1052,444,1048,353,1050,212,1048,169,1048
133,1048,802,1051,801,1077,133,1073
131,1070,799,1077,799,1104,130,1097
131,1097,799,1103,799,1128,130,1122
130,1123,142,1123,153,1122,170,1123,186,1123,198,1123,210,1123,210,1146,197,1146,186,1146,168,1146,156,1144,139,1146,127,1146
174,1148,217,1148,328,1149,479,1151,570,1152,735,1153,778,1153,777,1177,735,1177,570,1176,478,1175,328,1173,217,1172,174,1171
157,1171,200,1172,363,1174,491,1178,577,1177,681,1176,724,1175,723,1200,680,1201,577,1202,491,1203,362,1199,199,1197,157,1196
131,1199,799,1203,799,1229,131,1225
131,1222,799,1228,799,1253,130,1247
131,1248,799,1252,799,1278,131,1273
150,1273,193,1273,362,1278,439,1276,560,1276,730,1277,773,1277,772,1301,730,1301,560,1300,439,1300,362,1302,192,1297,149,1297
163,1298,200,1299,325,1303,469,1303,589,1301,686,1303,722,1302,722,1324,685,1324,589,1322,468,1325,326,1324,199,1321,163,1320
128,1327,155,1327,226,1323,266,1326,320,1326,362,1326,404,1326,403,1349,361,1349,319,1349,266,1349,226,1346,155,1350,128,1350
272,1420,792,1420,792,1445,272,1445
