784,251,808,251,808,273,784,273
83,275,100,270,120,266,142,265,156,269,174,273,191,283,187,317,170,307,148,302,143,299,124,300,100,304,83,309
258,362,362,327,464,310,529,299,655,358,714,375,777,423,732,504,669,456,608,437,530,392,469,402,415,403,311,438
110,376,163,372,164,391,112,395
121,398,180,398,180,426,121,426
345,816,353,825,368,840,382,849,394,852,413,861,426,862,415,874,402,873,387,867,375,865,358,853,341,837,333,827
351,853,362,861,370,866,384,872,389,876,402,879,414,883,407,896,395,891,387,890,378,885,361,878,358,875,347,867
452,854,605,867,599,939,445,926
654,883,751,863,756,891,659,910
390,932,399,938,415,946,422,950,434,957,445,962,456,968,449,980,438,974,427,969,416,963,409,959,392,950,383,945
654,907,665,907,687,906,699,905,718,899,737,896,751,892,758,912,743,917,721,920,705,925,691,927,665,928,654,928
458,921,484,930,505,937,531,941,552,942,579,940,606,935,608,958,580,963,552,965,529,965,500,960,476,952,450,944
