1253,18,1467,16,1467,58,1254,61
756,62,783,64,824,70,876,92,897,107,935,140,957,164,936,180,915,157,880,128,863,115,816,95,779,90,752,88
619,107,633,97,643,92,662,82,681,74,708,68,720,65,727,87,715,89,687,96,672,102,654,112,639,119,625,128
595,121,621,143,573,198,547,176
137,121,396,140,391,203,133,184
1129,126,1406,126,1406,187,1129,187
642,152,890,152,890,180,642,180
1125,216,1407,224,1405,282,1123,274
185,219,320,224,318,278,183,273
232,427,276,424,336,424,397,442,435,463,483,505,508,533,485,553,460,525,418,488,385,469,334,454,278,454,235,457
1074,461,1115,445,1185,429,1246,433,1322,462,1379,508,1408,537,1389,555,1360,527,1308,485,1239,459,1186,456,1123,471,1083,486
97,533,106,522,124,502,144,483,171,462,194,449,212,440,225,463,208,472,185,484,161,503,143,520,127,538,118,549
144,526,181,503,252,471,342,467,397,489,448,527,493,574,470,593,424,546,382,516,339,497,257,501,197,529,160,552
996,536,1055,476,1078,499,1018,558
183,537,223,532,256,530,289,528,337,527,380,528,411,529,409,551,379,551,338,549,289,551,257,552,225,555,185,560
1071,534,1347,534,1347,560,1071,560
620,652,885,650,886,693,621,696
719,721,785,721,785,761,719,761
653,791,845,788,846,827,654,830
648,858,850,853,851,894,649,898
