536,483,699,411,1069,277,1401,223,1702,198,2113,261,2285,287,2256,380,2083,354,1695,295,1412,321,1089,373,742,499,578,571
2082,624,2161,640,2234,655,2283,665,2356,680,2428,695,2497,709,2487,758,2418,744,2345,729,2272,714,2224,704,2151,689,2072,673
605,817,639,808,721,785,803,759,875,742,990,700,1025,690,1044,755,1010,765,902,805,817,826,744,849,658,873,623,882
2165,696,2213,702,2257,704,2302,717,2344,732,2411,746,2436,755,2422,807,2397,797,2333,784,2293,770,2244,756,2202,754,2154,748
2727,1207,3756,634,3896,885,2867,1458
603,889,670,867,746,843,806,823,888,796,978,770,1046,751,1062,802,995,822,905,847,822,874,763,894,686,919,619,941
1358,867,1395,848,1441,836,1455,825,1501,811,1544,804,1585,797,1607,875,1567,882,1523,889,1485,901,1456,916,1404,928,1368,948
2257,1296,2812,1471,2760,1634,2206,1459
790,1368,1031,1529,580,2200,340,2038
1946,1411,2839,1611,2798,1796,1905,1596
1380,1642,1434,1667,1485,1696,1522,1716,1562,1749,1620,1786,1666,1823,1588,1909,1542,1872,1505,1849,1457,1811,1427,1796,1380,1769,1326,1745
2170,1707,2589,1756,2579,1845,2160,1796
1900,1739,2020,1756,2218,1782,2372,1804,2526,1824,2760,1857,2865,1871,2854,1951,2750,1937,2516,1904,2361,1884,2207,1861,2010,1836,1889,1819
879,1782,998,1867,589,2442,470,2357
1503,2089,1529,2093,1545,2101,1579,2099,1606,2106,1658,2116,1683,2124,1661,2168,1636,2160,1605,2155,1572,2148,1544,2150,1515,2141,1489,2136
2144,2182,2491,2217,2486,2261,2139,2227
2238,2274,2513,2294,2504,2417,2230,2397
175,2358,340,2369,337,2416,172,2405
189,2401,215,2401,229,2400,255,2400,274,2401,286,2454,312,2460,328,2413,302,2407,267,2449,250,2449,229,2449,207,2449,182,2449
293,2462,350,2462,350,2500,293,2500
1926,2539,2479,2554,2473,2754,1921,2739
2638,2628,2810,2785,2733,2869,2561,2711
831,2962,899,2915,1033,2828,1140,2777,1262,2733,1380,2697,1443,2684,1465,2771,1402,2785,1291,2818,1177,2859,1081,2905,950,2990,882,3037
