1147,577,1327,583,1325,622,1146,616
1089,639,1127,627,1185,613,1238,612,1295,621,1332,632,1381,654,1370,680,1321,658,1289,649,1236,640,1188,642,1135,655,1097,666
648,671,1021,687,1019,739,645,723
1448,710,1488,711,1569,712,1621,715,1690,721,1731,723,1788,727,1785,770,1728,765,1689,763,1617,757,1568,755,1488,754,1449,753
1108,830,1133,844,1193,873,1230,878,1266,878,1325,856,1364,839,1377,865,1338,881,1273,906,1227,906,1185,901,1117,867,1092,853
1046,1030,1404,1042,1402,1102,1043,1090
1053,1206,1079,1193,1158,1166,1206,1160,1295,1172,1358,1202,1393,1223,1371,1267,1335,1247,1280,1219,1208,1210,1165,1216,1101,1238,1075,1251
1169,1233,1292,1234,1279,2199,1156,2197
2300,1570,2391,1570,2391,1601,2300,1601
2320,1606,2376,1606,2376,1637,2320,1637
1167,2590,1249,2590,1249,2769,1167,2769
