583,41,1341,47,1340,131,583,125
147,69,183,61,280,49,326,66,362,103,391,150,415,213,387,223,363,160,338,121,310,92,277,79,189,91,154,99
116,101,150,116,103,222,70,207
37,514,82,433,155,329,241,304,309,317,400,456,436,519,400,537,364,474,289,353,241,344,173,365,119,451,73,532
496,331,646,314,649,341,500,358
600,344,632,344,632,367,600,367
476,356,505,362,543,370,571,371,606,372,654,365,678,362,683,388,658,391,608,398,569,397,541,396,501,388,471,382
1318,363,1434,360,1435,396,1319,399
150,407,172,388,204,365,238,362,279,368,326,405,345,422,318,452,299,435,261,404,237,402,219,402,192,423,170,442
481,418,687,390,692,424,486,452
1351,401,1363,401,1366,401,1379,399,1392,398,1398,397,1406,395,1410,411,1402,413,1393,415,1379,415,1370,417,1359,417,1347,418
1327,419,1448,412,1449,444,1329,451
160,591,179,605,194,615,215,621,228,624,253,623,275,622,276,666,254,667,223,667,208,664,180,657,149,637,130,622
204,607,286,611,285,628,203,625
283,628,309,628,309,653,283,653
77,846,370,850,370,867,77,863
