981,34,988,34,997,34,1005,34,1014,34,1024,33,1032,33,1030,46,1023,47,1013,48,1005,48,997,48,989,48,982,48
969,51,979,51,994,51,1006,50,1015,51,1027,51,1040,52,1040,66,1027,65,1015,65,1005,64,996,65,978,64,967,64
980,67,988,67,997,67,1005,67,1013,67,1022,67,1031,67,1033,82,1025,82,1013,82,1006,82,996,82,989,82,980,82
987,86,1023,86,1023,99,987,99
966,127,1046,127,1046,139,966,139
553,149,563,149,563,191,553,191
615,200,657,189,722,185,765,172,831,155,899,161,956,159,949,220,893,222,831,217,784,231,737,245,661,251,619,262
553,205,565,205,565,277,553,277
553,330,563,330,563,396,553,396
553,410,563,410,563,468,553,468
553,486,563,486,563,548,553,548
553,567,563,567,563,608,553,608
