220,127,277,128,336,135,422,126,482,115,558,118,625,111,617,162,550,170,486,167,430,177,338,187,269,180,212,178
392,188,450,188,450,232,392,232
687,185,914,212,908,260,681,234
217,242,273,244,325,249,394,244,457,235,538,231,585,222,585,264,538,273,463,277,399,285,325,291,265,285,209,284
679,230,728,236,787,236,850,251,877,254,930,260,986,266,987,302,931,296,873,290,841,286,784,273,730,272,682,266
679,287,724,282,790,280,826,280,900,299,938,298,982,305,982,345,938,339,896,340,817,320,788,321,726,322,681,327
254,308,303,305,371,306,402,302,470,289,537,285,593,273,591,310,535,322,474,325,408,339,372,343,300,342,251,345
678,320,727,319,777,323,809,322,859,333,908,342,948,355,946,392,905,379,852,370,804,359,776,360,731,356,682,357
221,345,272,346,335,354,406,345,484,328,569,331,648,319,634,389,555,401,492,400,419,415,339,426,258,417,208,415
688,354,989,369,987,417,686,402
677,406,703,401,759,396,790,394,840,402,867,408,908,422,902,459,861,445,833,439,788,431,760,433,707,438,681,443
252,436,291,433,358,434,430,422,480,412,578,413,626,407,621,450,574,455,484,455,439,463,361,477,288,475,249,479
688,432,920,435,919,486,687,483
216,491,281,488,341,492,432,476,483,467,556,464,629,452,624,495,551,507,488,510,441,519,342,536,274,530,209,533
677,485,721,484,780,477,830,483,872,491,926,495,970,506,970,545,926,535,868,530,823,522,782,516,725,524,681,525
679,533,728,525,762,519,824,522,864,529,891,533,939,547,938,583,889,569,860,566,821,559,764,555,734,562,686,569
294,543,325,542,366,542,405,536,448,525,483,517,512,506,520,565,491,576,460,583,418,594,373,601,326,602,296,602
676,572,718,573,776,570,856,574,887,573,964,570,997,569,1005,614,972,616,886,619,853,620,777,616,724,619,682,618
222,605,282,608,343,612,402,609,478,589,592,586,638,574,634,639,588,651,487,654,417,673,344,678,269,673,209,669
394,680,448,680,448,726,394,726
237,742,307,737,373,743,442,727,497,718,569,714,639,701,678,794,607,807,508,818,461,827,384,844,296,838,226,842
482,824,582,824,582,896,482,896
254,843,363,854,356,929,246,918
