211,227,278,179,396,117,528,96,631,107,747,140,869,188,814,311,692,263,601,238,517,230,434,246,343,297,276,345
478,257,595,257,595,295,478,295
175,246,974,339,945,591,146,499
117,609,190,586,280,567,321,556,408,511,529,504,601,475,600,560,528,589,427,593,352,635,308,648,181,671,108,693
415,573,455,579,541,585,572,583,640,556,684,531,743,484,769,553,710,600,669,624,596,653,542,659,454,654,414,647
703,614,949,614,949,684,703,684
138,698,932,698,932,752,138,752
108,780,933,788,932,856,107,848
112,872,958,867,958,911,112,917
194,916,897,916,897,956,194,956
245,980,285,979,390,979,540,977,687,976,825,976,865,976,865,1000,825,1000,687,1000,540,1000,390,1002,285,1003,245,1004
123,1000,953,995,954,1052,124,1057
129,1049,159,1050,226,1048,270,1051,328,1047,399,1049,439,1047,438,1072,398,1074,329,1072,271,1076,226,1073,159,1075,129,1074
103,1067,987,1078,986,1164,102,1153
353,1160,726,1160,726,1195,353,1195
782,1464,970,1464,970,1478,782,1478
