461,0,538,0,538,64,461,64
12,10,164,10,164,34,12,34
4,38,103,27,176,32,296,32,413,52,546,96,638,125,594,220,502,192,381,152,280,136,177,137,103,132,3,144
254,161,314,167,362,182,448,189,523,206,565,226,632,255,596,309,529,281,506,269,432,253,355,247,302,231,242,225
-9,352,2,345,25,334,35,329,54,324,76,318,89,314,97,340,84,343,62,349,43,355,35,359,17,368,5,375
271,393,492,407,488,467,268,453
0,400,37,400,37,432,0,432
271,454,516,474,514,498,269,478
78,476,106,476,106,489,78,489
0,632,49,632,49,668,0,668
0,721,45,721,45,744,0,744
516,755,591,757,590,781,515,779
517,780,523,780,537,782,552,781,567,780,583,781,591,780,591,790,582,790,568,789,552,790,536,791,523,789,516,789
