270,442,403,390,610,330,851,313,1148,358,1267,392,1483,478,1420,609,1203,523,1114,500,848,458,632,474,456,526,323,578
745,505,838,494,900,487,981,509,1064,537,1156,593,1197,621,1170,682,1129,654,1029,594,958,572,890,553,853,559,759,570
795,1096,1096,1083,1100,1181,799,1193
424,1223,533,1216,710,1210,901,1208,1075,1219,1204,1210,1328,1207,1330,1278,1207,1281,1073,1290,900,1279,713,1281,534,1287,425,1294
310,1302,1414,1302,1414,1387,310,1387
479,1422,1301,1408,1303,1536,481,1551
303,1576,1463,1545,1467,1676,307,1708
454,1720,1328,1693,1332,1824,458,1850
316,1860,1456,1840,1458,1964,318,1984
307,2019,1463,1973,1468,2103,312,2149
