751,481,1426,467,1430,641,755,655
354,891,1605,891,1605,1129,354,1129
795,1374,1814,1386,1813,1541,794,1529
895,1583,981,1583,1083,1583,1232,1586,1350,1586,1454,1588,1541,1588,1542,1637,1455,1637,1347,1635,1233,1635,1081,1632,981,1633,894,1633
750,1632,854,1649,1076,1675,1258,1682,1364,1678,1545,1657,1707,1630,1727,1720,1566,1747,1374,1769,1258,1775,1067,1767,836,1739,731,1723
982,1823,1393,1823,1393,1864,982,1864
776,1799,875,1842,998,1872,1192,1907,1387,1892,1603,1840,1702,1807,1699,1863,1599,1896,1402,1946,1193,1964,984,1927,874,1898,775,1855
947,2011,1580,2011,1580,2066,947,2066
501,2089,1986,2099,1985,2175,501,2165
1175,2178,1271,2178,1271,2208,1175,2208
781,2223,855,2224,1021,2224,1203,2226,1419,2226,1541,2224,1615,2223,1615,2262,1540,2264,1420,2266,1202,2266,1021,2264,854,2264,780,2263
395,2309,547,2309,547,2340,395,2340
704,2299,1854,2299,1854,2401,704,2401
395,2345,531,2345,531,2375,395,2375
969,2486,1035,2453,1101,2427,1176,2418,1275,2417,1387,2445,1443,2458,1425,2505,1369,2492,1270,2467,1178,2468,1113,2476,1049,2501,983,2534
501,2517,1986,2531,1985,2616,500,2602
783,2638,895,2634,1091,2635,1215,2632,1410,2634,1571,2645,1683,2651,1683,2716,1571,2710,1410,2699,1211,2698,1093,2701,896,2699,784,2703
253,2649,658,2649,658,2684,253,2684
1838,2654,2203,2654,2203,2689,1838,2689
298,2684,577,2684,577,2710,298,2710
1874,2689,2142,2689,2142,2715,1874,2715
1129,2725,1367,2725,1367,2786,1129,2786
