1367,96,1401,93,1488,78,1566,63,1649,45,1726,22,1771,10,1801,70,1755,82,1661,111,1577,129,1503,143,1414,159,1380,162
2204,179,2259,179,2259,222,2204,222
1387,396,1426,393,1506,391,1571,387,1667,391,1705,391,1775,394,1776,469,1706,466,1666,466,1569,462,1510,466,1428,468,1389,471
851,406,1262,396,1266,559,855,568
1470,456,1685,456,1685,530,1470,530
1427,550,1739,545,1741,616,1428,620
311,767,380,761,441,749,515,738,595,721,678,693,720,681,749,733,707,745,605,780,525,797,452,807,390,819,321,826
1154,870,1205,870,1205,912,1154,912
2,985,146,1003,135,1089,-8,1071
334,1074,377,1069,452,1063,530,1062,583,1065,650,1067,718,1070,722,1132,654,1129,582,1127,527,1124,457,1125,378,1131,334,1136
-13,1080,33,1080,67,1084,102,1095,152,1109,177,1140,201,1162,163,1211,139,1189,115,1159,81,1153,57,1145,26,1142,-20,1141
421,1127,635,1127,635,1197,421,1197
0,1141,118,1153,110,1233,-7,1221
375,1225,689,1205,693,1270,379,1290
97,1541,148,1541,148,1584,97,1584
