1166,150,1350,150,1350,319,1166,319
1971,185,2234,266,2185,427,1922,347
367,722,424,643,514,542,617,439,766,338,873,270,1027,190,1120,354,966,434,859,502,735,586,647,676,554,779,496,859
2473,658,2635,548,2851,864,2689,975
133,1305,311,1308,304,1764,126,1761
2833,1432,3052,1482,2868,2283,2649,2232
318,1867,437,2082,571,2290,767,2485,976,2617,1208,2722,1405,2783,1335,2981,1137,2920,873,2800,629,2643,407,2420,251,2179,131,1964
444,2039,512,2001,723,2377,654,2415
1589,2391,1754,2401,1941,2363,2096,2352,2248,2245,2385,2155,2468,2067,2610,2231,2527,2320,2340,2442,2190,2548,1959,2580,1864,2589,1699,2579
2479,2362,2624,2362,2624,2508,2479,2508
2084,2688,2311,2540,2410,2693,2183,2841
