565,804,722,704,884,625,1109,544,1360,495,1631,486,1809,483,1801,585,1623,588,1368,597,1134,643,922,720,769,794,613,895
1891,528,1958,553,2107,603,2189,645,2308,714,2365,747,2458,813,2405,899,2312,833,2257,801,2143,735,2068,697,1927,650,1860,625
1207,690,1297,693,1398,698,1548,699,1638,701,1803,705,1869,706,1864,764,1798,763,1636,759,1549,757,1395,756,1297,751,1208,748
1339,820,1705,820,1705,861,1339,861
1245,900,1795,909,1794,970,1244,961
897,998,2142,1010,2142,1071,896,1059
1482,1275,1585,1285,1810,1293,1993,1292,2223,1287,2423,1259,2524,1249,2520,1309,2419,1319,2233,1346,1992,1352,1809,1353,1585,1345,1483,1334
644,1240,969,1248,967,1346,642,1339
1431,1446,1703,1496,1686,1592,1414,1542
489,1504,1038,1504,1038,1563,489,1563
1469,1688,1506,1680,1564,1651,1595,1651,1647,1641,1674,1636,1727,1626,1736,1703,1683,1712,1664,1716,1601,1727,1584,1725,1534,1752,1497,1760
489,1723,578,1723,578,1782,489,1782
1623,1743,1652,1740,1728,1748,1768,1740,1846,1746,1884,1743,1937,1742,1935,1797,1882,1798,1851,1800,1766,1795,1726,1803,1651,1795,1621,1798
495,1953,796,1953,796,2012,495,2012
2218,1971,2337,1971,2337,2030,2218,2030
489,2177,802,2177,802,2236,489,2236
2218,2195,2337,2195,2337,2254,2218,2254
863,2310,2316,2348,2312,2498,859,2460
484,2399,699,2414,695,2476,480,2461
484,2495,2589,2592,2580,2791,475,2694
760,2801,953,2795,1255,2787,1691,2799,1925,2824,2324,2795,2491,2795,2495,2923,2329,2923,1937,2952,1689,2927,1230,2913,955,2923,763,2929
477,2853,512,2856,561,2864,596,2862,626,2857,669,2856,704,2847,703,2898,668,2907,629,2908,600,2913,554,2914,511,2907,476,2904
828,3378,1295,3419,1272,3686,805,3645
1366,3452,2435,3430,2439,3616,1370,3639
