70,-22,377,3,374,43,67,18
12,4,370,42,368,67,10,29
0,187,14,188,27,192,42,191,59,191,72,196,87,200,87,228,72,224,56,219,38,219,29,220,7,216,-7,214
0,237,15,238,39,236,58,239,90,241,109,242,130,245,122,272,101,269,85,268,59,267,36,264,14,266,0,264
8,600,53,601,100,602,187,602,250,603,303,603,347,605,347,631,303,629,249,628,187,628,101,628,53,627,9,626
21,642,66,642,66,651,21,651
113,648,140,645,198,635,226,635,272,638,330,638,357,641,358,669,330,667,270,666,226,664,200,664,145,673,118,676
21,654,69,654,69,666,21,666
21,669,78,669,78,681,21,681
-1,798,329,785,331,818,0,831
92,831,329,821,330,843,93,853
-1,1033,284,1014,286,1044,0,1063
