214,263,227,260,250,254,271,253,291,255,308,258,325,263,322,274,305,269,290,266,271,264,252,266,230,270,218,274
144,377,170,344,227,284,278,276,319,283,377,338,409,375,378,394,346,357,305,316,277,312,240,318,200,364,174,397
544,300,592,300,592,308,544,308
520,314,597,314,597,340,520,340
301,342,312,332,338,358,328,369
522,340,604,340,604,360,522,360
536,365,601,365,601,376,536,376
157,423,389,426,389,476,156,474
228,492,268,492,268,500,228,500
281,493,321,493,321,500,281,500
200,496,214,493,227,556,213,559
333,495,342,496,340,520,331,519
230,500,265,500,265,508,230,508
280,500,316,500,316,508,280,508
163,504,168,504,171,504,173,504,180,504,179,514,185,514,188,504,183,504,177,514,174,514,171,514,166,514,161,514
361,504,384,504,384,516,361,516
174,515,201,547,241,590,261,594,294,594,341,559,379,529,411,554,373,583,306,632,262,634,226,627,167,568,139,536
187,620,206,631,234,642,267,646,303,643,338,629,358,620,363,630,344,639,305,654,267,657,232,654,201,641,181,630
