1037,0,1096,0,1096,42,1037,42
1168,19,1175,19,1175,46,1168,46
579,23,601,24,656,30,677,31,727,37,752,40,789,44,786,68,750,64,725,61,674,56,653,55,598,49,576,48
1292,29,1347,29,1347,70,1292,70
584,47,678,59,677,69,583,57
893,51,912,54,957,58,978,62,1023,66,1043,66,1079,66,1077,92,1040,92,1022,93,975,88,954,84,910,81,890,77
87,231,135,183,187,133,254,94,324,70,397,55,448,52,465,142,414,145,352,157,296,175,245,204,188,257,141,305
0,63,38,63,38,106,0,106
1164,82,1184,83,1215,85,1243,87,1280,92,1300,93,1328,96,1326,117,1298,114,1279,114,1241,108,1213,107,1181,104,1162,103
586,73,726,141,692,211,552,142
875,130,885,128,900,126,908,128,919,135,919,152,922,160,928,153,925,145,911,140,904,136,900,135,887,137,877,139
888,144,913,144,913,180,888,180
1045,155,1105,155,1105,195,1045,195
1224,161,1293,167,1291,181,1223,176
155,481,167,410,186,360,242,274,338,203,430,176,495,163,529,272,464,285,382,308,318,357,284,417,268,460,257,531
1203,191,1318,199,1316,228,1201,220
1277,212,1318,214,1317,228,1276,225
900,213,920,214,966,218,986,218,1030,222,1051,221,1082,221,1080,247,1049,247,1028,247,984,244,965,244,919,240,899,239
1277,223,1302,223,1302,235,1277,235
1302,227,1315,227,1315,235,1302,235
0,274,40,274,40,318,0,318
1304,318,1357,318,1357,357,1304,357
1179,377,1336,380,1336,405,1179,402
1170,467,1192,467,1192,501,1170,501
1309,469,1357,469,1357,505,1309,505
923,504,937,500,948,499,960,501,970,507,977,518,983,530,976,534,969,523,963,512,958,509,948,508,940,509,926,513
1183,533,1340,530,1341,555,1183,558
913,586,986,586,986,597,913,597
888,609,1009,609,1009,633,888,633
1309,622,1357,622,1357,663,1309,663
1173,631,1194,631,1194,663,1173,663
886,631,1011,631,1011,675,886,675
0,677,36,677,36,722,0,722
884,682,901,682,923,684,946,683,971,684,992,683,1012,682,1012,697,992,698,971,699,946,698,923,699,900,697,883,697
1184,696,1342,686,1344,711,1186,721
888,752,930,752,930,777,888,777
988,761,1033,759,1035,781,990,784
1235,782,1304,776,1305,791,1236,796
1287,811,1330,811,1330,826,1287,826
1210,821,1230,816,1252,815,1272,812,1294,823,1309,821,1333,829,1341,855,1317,847,1290,850,1267,839,1253,842,1233,843,1214,848
685,829,737,825,738,840,686,844
308,854,329,854,329,869,308,869
320,867,331,856,349,874,338,885
713,867,769,864,769,879,714,882
104,919,115,900,134,876,153,867,175,868,201,891,217,908,205,918,189,901,171,883,156,882,143,888,129,906,118,926
273,870,291,866,302,866,318,870,330,881,325,902,328,912,339,901,335,892,318,889,311,883,302,881,293,881,275,885
716,879,769,879,769,892,716,892
146,890,180,890,180,935,146,935
715,894,771,891,772,905,716,907
0,907,31,907,31,949,0,949
1177,943,1213,943,1213,956,1177,956
1321,937,1357,937,1357,981,1321,981
1183,958,1207,958,1207,996,1183,996
160,978,355,956,358,989,164,1011
1066,973,1122,973,1122,1015,1066,1015
162,1009,286,997,287,1012,163,1023
1260,1016,1357,1005,1360,1030,1263,1040
