946,397,1045,365,1213,323,1419,309,1547,316,1741,353,1870,385,1848,457,1719,426,1536,391,1418,384,1222,398,1066,437,966,470
917,511,1047,466,1242,416,1376,405,1592,422,1782,470,1911,512,1886,584,1757,542,1579,497,1375,481,1254,491,1072,538,942,583
1232,629,1535,629,1535,699,1232,699
1271,712,1496,712,1496,778,1271,778
1289,792,1460,792,1460,862,1289,862
865,1332,941,1332,1160,1334,1401,1334,1585,1335,1870,1338,1946,1338,1945,1380,1870,1379,1585,1377,1401,1375,1159,1375,940,1373,865,1373
861,1383,936,1383,1217,1388,1362,1387,1599,1387,1919,1388,1994,1388,1994,1429,1918,1430,1598,1429,1361,1429,1217,1429,936,1425,860,1424
1094,1431,1170,1433,1270,1438,1422,1436,1550,1437,1634,1443,1709,1448,1707,1492,1632,1487,1549,1482,1424,1480,1269,1483,1169,1477,1093,1475
867,1743,1938,1762,1935,1919,864,1901
1181,1920,1627,1936,1622,2083,1175,2067
