372,443,468,360,668,188,840,151,972,132,1169,167,1287,194,1261,253,1143,226,966,196,851,214,698,245,516,403,420,485
1335,318,1381,273,1567,464,1522,509
908,403,1059,403,1059,476,908,476
467,490,1507,498,1507,577,466,569
802,579,1215,576,1216,646,803,649
702,671,780,672,895,670,983,672,1095,669,1209,669,1299,666,1300,723,1210,726,1095,726,984,729,894,727,780,729,702,729
482,772,585,769,811,764,971,763,1176,763,1407,761,1510,761,1511,818,1409,819,1174,820,971,820,812,822,585,827,483,830
613,843,716,843,821,845,1027,841,1215,845,1346,841,1449,841,1450,898,1347,899,1216,902,1026,899,822,902,717,900,614,900
586,926,680,923,865,925,1012,918,1175,918,1342,915,1436,914,1434,969,1340,970,1175,973,1013,973,866,980,681,978,587,981
671,1002,1423,994,1424,1051,672,1059
715,1076,817,1077,907,1079,1076,1075,1178,1073,1289,1074,1392,1076,1392,1134,1290,1133,1178,1131,1077,1133,908,1137,819,1135,717,1134
844,1155,1305,1155,1305,1222,844,1222
1001,1276,1177,1276,1177,1347,1001,1347
