383,661,683,536,997,453,1239,418,1665,478,1933,544,2163,634,2102,798,1872,708,1632,650,1234,593,1038,624,742,701,441,826
1152,668,1382,668,1382,719,1152,719
641,787,1922,769,1924,904,643,922
1203,963,1341,963,1341,1009,1203,1009
545,1046,2014,1039,2014,1128,545,1134
435,1171,2140,1194,2136,1520,430,1497
1113,1677,1153,1681,1195,1689,1257,1688,1290,1688,1335,1696,1375,1700,1379,1758,1339,1754,1283,1745,1256,1746,1196,1746,1147,1738,1107,1734
1064,1764,1110,1766,1182,1763,1247,1770,1333,1765,1377,1775,1444,1783,1435,1833,1368,1824,1333,1816,1246,1821,1180,1813,1110,1816,1064,1814
872,1841,973,1842,1090,1846,1222,1848,1399,1859,1536,1853,1637,1852,1636,1910,1535,1911,1398,1916,1220,1906,1089,1904,972,1900,872,1899
877,1915,1627,1926,1626,1989,876,1979
1019,2005,1095,2005,1161,2002,1269,2009,1347,2016,1436,2011,1500,2011,1496,2067,1432,2067,1348,2072,1265,2065,1160,2058,1094,2061,1018,2062
949,2076,1061,2079,1149,2078,1243,2083,1378,2088,1446,2079,1559,2067,1555,2132,1442,2145,1378,2153,1240,2148,1152,2143,1057,2144,944,2142
1045,2151,1450,2163,1448,2229,1044,2218
1032,2247,1097,2241,1148,2240,1234,2237,1293,2245,1372,2245,1436,2252,1437,2311,1372,2303,1290,2304,1229,2295,1153,2298,1093,2299,1028,2305
817,2305,917,2307,1059,2314,1267,2314,1410,2319,1570,2325,1670,2328,1664,2387,1564,2383,1409,2378,1267,2373,1058,2373,915,2366,815,2364
784,2374,897,2378,1039,2382,1232,2389,1440,2394,1654,2402,1766,2406,1765,2472,1652,2468,1439,2460,1231,2455,1038,2448,895,2444,782,2440
566,2448,1970,2485,1968,2558,564,2522
864,2541,964,2542,1064,2546,1237,2543,1400,2555,1537,2553,1637,2556,1635,2613,1535,2610,1398,2611,1236,2600,1064,2603,961,2598,861,2597
1167,2621,1326,2621,1326,2682,1167,2682
967,2703,1034,2699,1173,2706,1257,2699,1339,2712,1432,2710,1519,2719,1514,2769,1427,2760,1336,2762,1257,2749,1168,2756,1033,2749,966,2753
1009,2768,1086,2770,1177,2768,1236,2773,1324,2774,1424,2781,1488,2783,1479,2840,1414,2837,1321,2831,1237,2830,1175,2825,1083,2827,1007,2825
973,2843,1050,2842,1171,2841,1232,2844,1325,2846,1447,2860,1523,2866,1518,2925,1442,2919,1320,2905,1231,2903,1170,2900,1047,2901,970,2902
870,2906,958,2913,1090,2917,1247,2929,1350,2920,1516,2941,1616,2942,1614,3001,1514,3000,1346,2979,1245,2988,1088,2976,955,2971,867,2965
879,2968,944,2978,1095,2990,1263,3006,1359,2994,1485,3005,1585,2998,1584,3055,1484,3062,1357,3052,1259,3064,1093,3047,940,3036,876,3026
741,3058,841,3057,1024,3056,1196,3062,1430,3070,1599,3074,1699,3076,1696,3133,1596,3131,1429,3128,1195,3120,1022,3114,838,3115,737,3115
679,3099,791,3106,1029,3124,1262,3132,1558,3150,1722,3148,1835,3148,1832,3212,1719,3212,1555,3215,1261,3197,1026,3189,786,3170,673,3163
984,3196,1485,3213,1483,3271,982,3254
