1549,286,1627,298,1698,303,1790,315,1855,323,1939,323,2029,328,2030,387,1940,381,1858,382,1783,373,1691,361,1635,356,1557,344
1642,399,1694,407,1750,407,1769,409,1822,383,1887,369,1931,344,1935,412,1891,436,1832,450,1797,471,1750,474,1690,475,1638,466
1727,504,1996,447,2028,596,1759,653
709,526,1529,507,1530,558,710,577
878,584,944,582,1042,579,1082,578,1155,578,1232,575,1308,573,1309,624,1233,626,1157,629,1084,629,1041,630,948,633,882,634
402,663,1669,631,1671,685,403,716
400,705,1905,641,1909,725,404,789
395,771,1778,731,1780,791,397,831
1959,777,1996,767,2021,861,1984,871
1317,828,1387,824,1445,819,1572,818,1651,814,1708,811,1779,805,1780,844,1710,849,1652,852,1573,857,1445,858,1388,863,1318,867
2003,883,2038,883,2038,947,2003,947
1769,1083,1938,1047,2012,1392,1843,1428
1269,1119,1447,1092,1490,1371,1312,1399
