491,74,539,65,651,52,747,48,835,52,941,67,1033,83,1022,135,930,119,830,105,746,101,655,105,546,117,497,126
185,169,271,152,548,126,704,111,915,121,1123,160,1209,179,1208,230,1122,211,906,171,704,162,556,176,270,202,184,220
511,205,557,196,650,184,768,179,827,185,966,208,1012,219,1006,245,960,234,824,211,768,206,652,211,562,223,516,231
677,235,848,238,848,265,676,262
712,267,796,267,796,290,712,290
633,580,647,589,627,621,613,613
550,681,591,668,661,652,733,646,819,651,883,666,929,678,921,703,875,691,814,677,732,673,664,678,598,693,558,706
184,736,236,735,348,738,418,737,521,740,598,738,650,738,649,768,597,769,521,770,418,767,348,768,236,766,184,766
823,741,869,741,962,743,1079,743,1168,748,1263,747,1309,748,1309,774,1263,773,1167,775,1079,770,962,770,868,768,822,768
1350,864,1417,864,1417,874,1350,874
