34,22,438,22,438,37,34,37
133,40,340,40,340,53,133,53
99,319,131,307,183,292,239,287,288,292,337,306,368,318,348,378,316,365,280,354,241,350,196,354,148,368,116,379
125,382,145,371,186,354,231,348,273,352,312,364,331,372,326,383,307,375,271,363,231,360,189,365,150,382,130,393
-4,584,17,580,56,572,97,569,135,565,155,565,185,565,186,582,157,582,137,582,98,585,57,589,20,597,-1,601
286,559,474,577,472,598,284,579
315,592,337,594,359,597,394,600,431,608,450,608,472,611,470,635,447,633,426,632,391,624,357,621,334,618,312,616
-5,616,16,612,40,608,77,602,93,601,128,595,156,593,156,617,129,619,98,625,77,626,46,631,18,636,-3,640
171,606,183,608,205,615,216,615,240,617,250,616,268,614,269,627,251,629,239,630,216,628,202,628,181,621,169,618
1,654,479,652,480,679,1,681
180,722,202,720,220,720,233,719,260,720,272,720,291,721,291,737,272,736,260,736,232,735,221,736,202,736,180,739
